 -9.3664806e-008  2.3251605e-008 -4.2112748e-007 -5.4286873e-003 -8.1065068e-007  3.1103537e-008  3.1103516e-008  3.1103431e-008 -1.8920056e-007  2.2480187e-008 -7.9040490e-008  6.9214709e-009  8.5920417e-010  1.9968152e-006  5.4091641e-010  1.6293845e-008  4.2139439e-008  1.3522910e-009
 -4.6832395e-007  1.1625804e-007 -2.1072328e-006 -2.6952632e-002 -4.0553601e-006  1.5552175e-007  1.5551759e-007  1.5551716e-007 -9.4600042e-007  1.1240119e-007 -3.9520540e-007  3.4678485e-008  4.2960093e-009  9.9840578e-006  2.7045820e-009  8.1469368e-008  2.1069684e-007  6.7614551e-009
 -2.2451614e-006  5.5734587e-007 -1.0127691e-005 -1.2490933e-001 -1.9489183e-005  7.4567137e-007  7.4555754e-007  7.4555539e-007 -4.5351076e-006  5.3886150e-007 -1.8946982e-006  1.6781491e-007  2.0594967e-008  4.7863535e-005  1.2965871e-008  3.9057060e-007  1.0100806e-006  3.2414678e-008
 -3.8670621e-006  9.5997450e-007 -1.7437863e-005 -1.9932998e-001 -3.3744436e-005  1.2847103e-006  1.2841501e-006  1.2841460e-006 -7.8110615e-006  9.2815852e-007 -3.2636954e-006  2.9445091e-007  3.5471761e-008  8.2438570e-005  2.2332434e-008  6.7273212e-007  1.7397324e-006  5.5831084e-008
 -5.2375443e-006  1.3001943e-006 -2.3304695e-005 -2.4091651e-001 -4.6030870e-005  1.7407510e-006  1.7392577e-006  1.7392513e-006 -1.0578889e-005  1.2571460e-006 -4.4208909e-006  4.0783321e-007  4.8040945e-008  1.1165168e-004  3.0247102e-008  9.1117583e-007  2.3562336e-006  7.5617756e-008
 -6.4888572e-006  1.6108359e-006 -2.7890856e-005 -2.5772799e-001 -5.7493511e-005  2.1578196e-006  2.1547974e-006  2.1547883e-006 -1.3105670e-005  1.5575720e-006 -5.4779660e-006  5.1659565e-007  5.9515371e-008  1.3832179e-004  3.7473631e-008  1.1289118e-006  2.9190741e-006  9.3684077e-008
 -7.7089161e-006  1.9137249e-006 -3.1174000e-005 -2.5631091e-001 -6.8881360e-005  2.5652408e-006  2.5599647e-006  2.5599520e-006 -1.5568919e-005  1.8505454e-006 -6.5092058e-006  6.2610099e-007  7.0701158e-008  1.6432262e-004  4.4519747e-008  1.3412388e-006  3.4677963e-006  1.1129937e-007
 -8.9596678e-006  2.2242404e-006 -3.3106485e-005 -2.4175664e-001 -8.0716617e-005  2.9837635e-006  2.9753320e-006  2.9753147e-006 -1.8093670e-005  2.1509457e-006 -7.5670162e-006  7.4019050e-007  8.2166080e-008  1.9097406e-004  5.1743213e-008  1.5589398e-006  4.0302560e-006  1.2935803e-007
 -1.0295629e-005  2.5559180e-006 -3.3727824e-005 -2.1825261e-001 -9.3460728e-005  3.4317455e-006  3.4190050e-006  3.4189817e-006 -2.0789907e-005  2.4718744e-006 -8.6975896e-006  8.6260181e-007  9.4409557e-008  2.1943731e-004  5.9458895e-008  1.7915081e-006  4.6309603e-006  1.4864724e-007
 -1.0677593e-005  2.6507693e-006 -3.0324432e-005 -1.7384038e-001 -9.7559652e-005  3.5625375e-006  3.5458780e-006  3.5458500e-006 -2.1559302e-005  2.5638109e-006 -9.0228278e-006  9.0438600e-007  9.7902876e-008  2.2756412e-004  6.1665171e-008  1.8581048e-006  4.8024950e-006  1.5416293e-007
 -1.0898475e-005  2.7056337e-006 -2.6599854e-005 -1.3521754e-001 -1.0008962e-004  3.6398826e-006  3.6192608e-006  3.6192282e-006 -2.2003292e-005  2.6170898e-006 -9.2121679e-006  9.3046378e-007  9.9918451e-008  2.3225671e-004  6.2941206e-008  1.8966816e-006  4.9015565e-006  1.5735301e-007
 -1.1165775e-005  2.7720239e-006 -2.3381142e-005 -1.0493087e-001 -1.0295369e-004  3.7329775e-006  3.7080607e-006  3.7080230e-006 -2.2540862e-005  2.6815319e-006 -9.4409266e-006  9.5886697e-007  1.0235894e-007  2.3793750e-004  6.4485344e-008  1.9433462e-006  5.0214751e-006  1.6121336e-007
 -1.1506252e-005  2.8565835e-006 -2.0734081e-005 -8.1286287e-002 -1.0642042e-004  3.8508523e-006  3.8211647e-006  3.8211213e-006 -2.3225982e-005  2.7635687e-006 -9.7317907e-006  9.9240129e-007  1.0546941e-007  2.4517635e-004  6.6452131e-008  2.0027588e-006  5.1742780e-006  1.6613033e-007
 -1.1940774e-005  2.9644943e-006 -1.8645679e-005 -6.2807492e-002 -1.1070155e-004  4.0006163e-006  3.9655041e-006  3.9654540e-006 -2.4100709e-005  2.8682209e-006 -1.0102503e-005  1.0332303e-006  1.0944081e-007  2.5441742e-004  6.8962101e-008  2.0785566e-006  5.3693396e-006  1.7240525e-007
 -1.2495593e-005  3.1022755e-006 -1.7082770e-005 -4.8340852e-002 -1.1605552e-004  4.1912343e-006  4.1497988e-006  4.1497409e-006 -2.5217937e-005  3.0018058e-006 -1.0575398e-005  1.0838858e-006  1.1451332e-007  2.6621937e-004  7.2166892e-008  2.1753158e-006  5.6184517e-006  1.8041723e-007
 -1.3205112e-005  3.2784696e-006 -1.6010984e-005 -3.6991462e-002 -1.2281389e-004  4.4344769e-006  4.3854755e-006  4.3854082e-006 -2.6646965e-005  3.1726029e-006 -1.1179764e-005  1.1475427e-006  1.2100158e-007  2.8131417e-004  7.6265210e-008  2.2990342e-006  5.9370642e-006  1.9066302e-007
 -1.4115434e-005  3.5045259e-006 -1.5406568e-005 -2.8067767e-002 -1.3141493e-004  4.7461497e-006  4.6878487e-006  4.6877697e-006 -2.8480653e-005  3.3917107e-006 -1.1954872e-005  1.2283509e-006  1.2932719e-007  3.0068269e-004  8.1523365e-008  2.4577510e-006  6.3458806e-006  2.0380841e-007
 -1.5290153e-005  3.7962366e-006 -1.5265584e-005 -2.1038411e-002 -1.4245801e-004  5.1480961e-006  5.0780419e-006  5.0779481e-006 -3.0847058e-005  3.6744404e-006 -1.2954921e-005  1.3319539e-006  1.4007158e-007  3.2567767e-004  8.8308688e-008  2.6625565e-006  6.8734541e-006  2.2077172e-007
 -1.6820205e-005  4.1761849e-006 -1.5613631e-005 -1.5498582e-002 -1.5679578e-004  5.6716132e-006  5.5862623e-006  5.5861490e-006 -3.3929266e-005  4.0426906e-006 -1.4257461e-005  1.4663587e-006  1.5406599e-007  3.5823326e-004  9.7146458e-008  2.9293120e-006  7.5606107e-006  2.4286614e-007
 -1.8841398e-005  4.6780983e-006 -1.6519983e-005 -1.1143498e-002 -1.7569779e-004  6.3635342e-006  6.2576229e-006  6.2574833e-006 -3.8000655e-005  4.5291718e-006 -1.5978377e-005  1.6434726e-006  1.7255160e-007  4.0123760e-004  1.0882116e-007  3.2817087e-006  8.4683140e-006  2.7205290e-007
 -2.1567229e-005  5.3549985e-006 -1.8122819e-005 -7.7472101e-003 -2.0115636e-004  7.2976364e-006  7.1630445e-006  7.1628681e-006 -4.3490897e-005  5.1853165e-006 -1.8299959e-005  1.8819737e-006  1.9747918e-007  4.5923033e-004  1.2456605e-007  3.7569963e-006  9.6923889e-006  3.1141513e-007
 -2.5354462e-005  6.2954913e-006 -2.0679672e-005 -5.1453462e-003 -2.3649770e-004  8.5974940e-006  8.4210436e-006  8.4208130e-006 -5.1117849e-005  6.0970913e-006 -2.1527036e-005  2.2130404e-006  2.3210781e-007  5.3979632e-004  1.4644203e-007  4.4174325e-006  1.1392943e-005  3.6610506e-007
 -3.0845750e-005  7.6591894e-006 -2.4678091e-005 -3.2208826e-003 -2.8771003e-004  1.0486315e-005  1.0245112e-005  1.0244797e-005 -6.2174269e-005  7.4193908e-006 -2.6209161e-005  2.6928086e-006  2.8230657e-007  6.5659589e-004  1.7816148e-007  5.3751870e-006  1.3858335e-005  4.4540370e-007
 -3.9316108e-005  9.7627746e-006 -3.1106245e-005 -1.8926954e-003 -3.6666932e-004  1.3408456e-005  1.3058829e-005  1.3058372e-005 -7.9224133e-005  9.4596259e-006 -3.3437762e-005  3.4326299e-006  3.5971553e-007  8.3672466e-004  2.2708995e-007  6.8528618e-006  1.7660544e-005  5.6772488e-007
 -5.3651372e-005  1.3323055e-005 -4.2219859e-005 -1.1086905e-003 -5.0024557e-004  1.8374262e-005  1.7820955e-005  1.7820228e-005 -1.0806815e-004  1.2913892e-005 -4.5686562e-005  4.6845205e-006  4.9066831e-007  1.1414913e-003  3.0989892e-007  9.3544649e-006  2.4093814e-005  7.7474729e-007
 -8.1783546e-005  2.0310395e-005 -6.4239882e-005 -8.5566374e-004 -7.6225896e-004  2.8179283e-005  2.7166903e-005  2.7165556e-005 -1.6463986e-004  1.9696717e-005 -6.9768585e-005  7.1411738e-006  7.4749576e-007  1.7393319e-003  4.7241360e-007  1.4266023e-005  3.6714035e-005  1.1810340e-006
 -1.5393017e-004  3.8232036e-005 -1.2090593e-004 -1.2751838e-003 -1.4337136e-003  5.3595010e-005  5.1137586e-005  5.1134223e-005 -3.0957185e-004  3.7109831e-005 -1.3172898e-004  1.3441571e-005  1.4054212e-006  3.2714123e-003  8.8922202e-007  2.6872389e-005  6.9058022e-005  2.2230550e-006
 -5.3071164e-004  1.3185930e-004 -4.1733685e-004 -4.3408314e-003 -4.9331854e-003  1.9032095e-004  1.7636039e-004  1.7633917e-004 -1.0642503e-003  1.2831852e-004 -4.5829004e-004  4.6349585e-005  4.8306553e-006  1.1256006e-002  3.0664241e-006  9.2862458e-005  2.3765613e-004  7.6660602e-006
 -2.3928361e-003  5.9537950e-004 -1.8910594e-003 -1.9389587e-002 -2.2052478e-002  9.6183924e-004  7.9624681e-004  7.9586401e-004 -4.7397718e-003  5.8569223e-004 -2.1446746e-003  2.0910141e-004  2.1496976e-005  5.0310533e-002  1.3837556e-005  4.2275007e-004  1.0631839e-003  3.4593889e-005
 -4.4515969e-003  1.1113213e-003 -3.5584321e-003 -3.5245198e-002 -4.0201172e-002  2.2127286e-003  1.4869423e-003  1.4840797e-003 -8.5669931e-003  1.1202525e-003 -4.3215249e-003  3.8952785e-004  3.8789047e-005  9.1702476e-002  2.5795194e-005  8.0366909e-004  1.9423856e-003  6.4487985e-005
 -6.2977836e-003  1.5801743e-003 -5.1214561e-003 -4.8034509e-002 -5.5047003e-002  3.9663831e-003  2.1191979e-003  2.1072295e-003 -1.1580605e-002  1.6511916e-003 -6.8136285e-003  5.5214767e-004  5.2314830e-005  1.2560247e-001  3.6609826e-005  1.1733254e-003  2.6720465e-003  9.1524565e-005
 -8.3210383e-003  2.1016409e-003 -6.9172895e-003 -6.0194315e-002 -6.9456263e-002  6.5008261e-003  2.8346391e-003  2.7978982e-003 -1.4378893e-002  2.2964357e-003 -1.0168914e-002  7.3125358e-004  6.4806628e-005  1.5872252e-001  4.8584081e-005  1.6110336e-003  3.4022162e-003  1.2146020e-004
 -1.0566957e-002  2.6907358e-003 -9.0172480e-003 -7.1035154e-002 -8.2775887e-002  9.8852470e-003  3.6666855e-003  3.5753909e-003 -1.6847128e-002  3.0952801e-003 -1.4643764e-002  9.3099144e-004  7.5807031e-005  1.9001153e-001  6.2053203e-005  2.1363427e-003  4.1274102e-003  1.5513301e-004
 -9.9594015e-003  2.5577004e-003 -8.7204941e-003 -6.1093793e-002 -7.2105516e-002  1.0577921e-002  3.5313031e-003  3.3925726e-003 -1.4542430e-002  3.0902915e-003 -1.5377371e-002  8.7932462e-004  6.5427915e-005  1.6716555e-001  5.8857906e-005  2.0962615e-003  3.7115638e-003  1.4714476e-004
 -5.2044939e-003  1.3447649e-003 -4.6361471e-003 -2.9226501e-002 -3.4930707e-002  5.9004828e-003  1.8756321e-003  1.7816252e-003 -7.1206643e-003  1.6780142e-003 -8.5795724e-003  4.6003491e-004  3.2066686e-005  8.2181209e-002  3.0904047e-005  1.1241228e-003  1.8772929e-003  7.7260117e-005
 -3.6238363e-003  9.3961459e-004 -3.2573744e-003 -1.8852849e-002 -2.2780394e-002  4.2283403e-003  1.3184389e-003  1.2440739e-003 -4.7762660e-003  1.1925535e-003 -6.1730881e-003  3.2049216e-004  2.1527963e-005  5.4494686e-002  2.1578422e-005  7.9325992e-004  1.2844838e-003  5.3946056e-005
 -2.2834111e-003  5.9342328e-004 -2.0638235e-003 -1.0929553e-002 -1.3366345e-002  2.7069010e-003  8.3601220e-004  7.8539709e-004 -2.9359351e-003  7.6115690e-004 -3.9674056e-003  2.0201369e-004  1.3241659e-005  3.2643244e-002  1.3622362e-005  5.0396521e-004  8.0061116e-004  3.4055906e-005
 -1.5989814e-003  4.1617175e-004 -1.4499060e-003 -6.9732022e-003 -8.6473393e-003  1.9120476e-003  5.8783798e-004  5.5067046e-004 -2.0230698e-003  5.3725183e-004 -2.8112353e-003  1.4149558e-004  9.1280614e-006  2.1637993e-002  9.5510450e-006  3.5466651e-004  5.5697704e-004  2.3877613e-005
 -1.1450132e-003  2.9832702e-004 -1.0403543e-003 -4.4702705e-003 -5.6413590e-003  1.3761265e-003  4.2216162e-004  3.9467768e-004 -1.4324710e-003  3.8674605e-004 -2.0284465e-003  1.0134266e-004  6.4647354e-006  1.4530601e-002  6.8454190e-006  2.5479474e-004  3.9718369e-004  1.7113547e-005
 -8.5793082e-004  2.2369719e-004 -7.8048571e-004 -2.9351761e-003 -3.7892849e-003  1.0340909e-003  3.1697927e-004  2.9591320e-004 -1.0646247e-003  2.9081312e-004 -1.5274698e-003  7.5945918e-005  4.8051480e-006  1.0093451e-002  5.1324080e-006  1.9132111e-004  2.9680482e-004  1.2831020e-005
 -6.6732795e-004  1.7409743e-004 -6.0755706e-004 -1.9492271e-003 -2.5941905e-003  8.0563053e-004  2.4694936e-004  2.3028445e-004 -8.2304953e-004  2.2676836e-004 -1.1921206e-003  5.9081906e-005  3.7149000e-006  7.1806027e-003  3.9941213e-006  1.4903343e-004  2.3046653e-004  9.9853033e-006
 -6.6704134e-004  1.7410700e-004 -6.0760091e-004 -1.5733117e-003 -2.1965700e-003  8.0590996e-004  2.4718513e-004  2.3028445e-004 -8.1836131e-004  2.2711446e-004 -1.1946004e-003  5.9065380e-005  3.6936088e-006  6.3834672e-003  3.9941213e-006  1.4913389e-004  2.3009337e-004  9.9853033e-006
 -4.2898714e-004  1.1201536e-004 -3.9086781e-004 -7.7010203e-004 -1.1568747e-003  5.1836882e-004  1.5914957e-004  1.4815265e-004 -5.2405245e-004  1.4626957e-004 -7.6958323e-004  3.7991464e-005  2.3650905e-006  3.5613493e-003  2.5696037e-006  9.5984300e-005  1.4787188e-004  6.4240093e-006
 -4.2886849e-004  1.1201795e-004 -3.9080169e-004 -5.5882638e-004 -9.3521977e-004  5.1805290e-004  1.5924603e-004  1.4815261e-004 -5.2217691e-004  1.4636804e-004 -7.7015823e-004  3.7985781e-005  2.3563911e-006  3.0609966e-003  2.5696037e-006  9.6003179e-005  1.4778354e-004  6.4240093e-006
 -3.7129652e-004  9.7007112e-005 -3.3834645e-004 -3.0582008e-004 -6.2329280e-004  4.4820731e-004  1.3798174e-004  1.2829745e-004 -4.5070176e-004  1.2681466e-004 -6.6723733e-004  3.2890824e-005  2.0335964e-006  2.2054087e-003  2.2252305e-006  8.3143715e-005  1.2793153e-004  5.5630763e-006
 -3.2515717e-004  8.4972399e-005 -2.9628847e-004 -1.3467053e-004 -4.0755537e-004  3.9215955e-004  1.2092138e-004  1.1237973e-004 -3.9365962e-004  1.1111587e-004 -5.8455052e-004  2.8807219e-005  1.7759791e-006  1.5836432e-003  1.9491493e-006  7.2826869e-005  1.1204272e-004  4.8728733e-006
 -2.9452647e-004  7.6983560e-005 -2.6835542e-004 -2.2739358e-005 -2.6675048e-004  3.5484874e-004  1.0959938e-004  1.0181359e-004 -3.5575099e-004  1.0068772e-004 -5.2957756e-004  2.6096596e-005  1.6047321e-006  1.1651086e-003  1.7658874e-006  6.5973977e-005  1.0150827e-004  4.4147186e-006
 -2.7521260e-004  7.1948667e-005 -2.5073184e-004  5.4134925e-005 -1.7197999e-004  3.3120111e-004  1.0247153e-004  9.5154554e-005 -3.3172061e-004  9.4112210e-005 -4.9486462e-004  2.4388089e-005  1.4961215e-006  8.7773198e-004  1.6503914e-006  6.1650911e-005  9.4878843e-005  4.1259784e-006
 -2.6390833e-004  6.9005399e-005 -2.4040491e-004  1.1016152e-004 -1.0555182e-004  3.1720796e-004  9.8316160e-005  9.1261991e-005 -3.1746386e-004  9.0266319e-005 -4.7450211e-004  2.3389004e-005  1.4316118e-006  6.7459840e-004  1.5828779e-006  5.9119088e-005  9.1013572e-005  3.9571946e-006
 -2.5869299e-004  6.7653012e-005 -2.3562402e-004  1.5362842e-004 -5.7189568e-005  3.1053397e-004  9.6424058e-005  8.9473576e-005 -3.1059435e-004  8.8497395e-005 -4.6505229e-004  2.2929388e-005  1.4004234e-006  5.2778972e-004  1.5518593e-006  5.7949302e-005  8.9250891e-005  3.8796483e-006
 -2.5857493e-004  6.7633221e-005 -2.3548448e-004  1.8973224e-004 -2.0647764e-005  3.0996312e-004  9.6430194e-005  8.9447687e-005 -3.0986666e-004  8.8468685e-005 -4.6473732e-004  2.2921554e-005  1.3969258e-006  4.2016328e-004  1.5514106e-006  5.7919852e-005  8.9250226e-005  3.8785264e-006
 -2.6317756e-004  6.8848403e-005 -2.3964156e-004  2.2205185e-004  8.0976420e-006  3.1501730e-004  9.8197995e-005  9.1055211e-005 -3.1478386e-004  9.0052898e-005 -4.7287895e-004  2.3332310e-005  1.4188642e-006  3.4073694e-004  1.5792923e-006  5.8946484e-005  9.0883731e-005  3.9482307e-006
 -2.7259399e-004  7.1323756e-005 -2.4817785e-004  2.5333648e-004  3.1801452e-005  3.2577739e-004  1.0176596e-004  9.4329488e-005 -3.2541317e-004  9.3282926e-005 -4.8963826e-004  2.4170106e-005  1.4665261e-006  2.8225801e-004  1.6360827e-006  6.1049902e-005  9.4186350e-005  4.0902066e-006
 -2.8735570e-004  7.5199273e-005 -2.6157442e-004  2.8599279e-004  5.2486214e-005  3.4284069e-004  1.0733668e-004  9.9455703e-005 -3.4234003e-004  9.8341400e-005 -5.1595883e-004  2.5482292e-005  1.5425313e-006  2.3987981e-004  1.7249936e-006  6.4348763e-005  9.9345457e-005  4.3124841e-006
 -3.0849736e-004  8.0746896e-005 -2.8076941e-004  3.2246061e-004  7.1779907e-005  3.6739119e-004  1.1530192e-004  1.0679357e-004 -3.6673599e-004  1.0558304e-004 -5.5368125e-004  2.7360920e-005  1.6521346e-006  2.1042046e-004  1.8522643e-006  6.9074143e-005  1.0672397e-004  4.6306608e-006
 -3.3773979e-004  8.8418633e-005 -3.0732359e-004  3.6560644e-004  9.1169705e-005  4.0140649e-004  1.2631201e-004  1.1694100e-004 -4.0056303e-004  1.1559738e-004 -6.0586747e-004  2.9959020e-005  1.8041411e-006  1.9195989e-004  2.0282648e-006  7.5610331e-005  1.1692476e-004  5.0706621e-006
 -3.7786547e-004  9.8945305e-005 -3.4376078e-004  4.1927386e-004  1.1225328e-004  4.4808557e-004  1.4141823e-004  1.3086470e-004 -4.4699742e-004  1.2933742e-004 -6.7746743e-004  3.3524029e-005  2.0128064e-006  1.8367263e-004  2.2697623e-006  8.4578651e-005  1.3092267e-004  5.6744058e-006
 -4.3346604e-004  1.1353305e-004 -3.9424520e-004  4.8922736e-004  1.3708077e-004  5.1269993e-004  1.6235599e-004  1.5016016e-004 -5.1127380e-004  1.4837567e-004 -7.7664519e-004  3.8464307e-005  2.3016217e-006  1.8589079e-004  2.6044291e-006  9.7004220e-005  1.5032736e-004  6.5110726e-006
 -5.1249456e-004  1.3427149e-004 -4.6598768e-004  5.8500962e-004  1.6875793e-004  6.0435722e-004  1.9213325e-004  1.7759156e-004 -6.0243374e-004  1.7543584e-004 -9.1753098e-004  4.5487303e-005  2.7111518e-006  2.0051303e-004  3.0802079e-006  1.1466220e-004  1.7792960e-004  7.7005197e-006
 -6.2976439e-004  1.6505414e-004 -5.7241444e-004  7.2405089e-004  2.1272785e-004  7.3996145e-004  2.3635853e-004  2.1830939e-004 -7.3725006e-004  2.1559125e-004 -1.1264179e-003  5.5911072e-005  3.3166203e-006  2.3214559e-004  3.7864301e-006  1.4085801e-004  2.1893435e-004  9.4660754e-006
 -8.1581797e-004  2.1391258e-004 -7.4119460e-004  9.4202727e-004  2.7996377e-004  9.5419976e-004  3.0661183e-004  2.8293844e-004 -9.5011447e-004  2.7930291e-004 -1.4574466e-003  7.2454235e-005  4.2721931e-006  2.9119477e-004  4.9073739e-006  1.8240409e-004  2.8409257e-004  1.2268435e-005
 -1.1434220e-003  2.9999484e-004 -1.0382049e-003  1.3237766e-003  3.9649455e-004  1.3291641e-003  4.3053666e-004  3.9681009e-004 -1.3223282e-003  3.9149653e-004 -2.0393710e-003  1.0159728e-004  5.9420625e-006  4.0334623e-004  6.8823897e-006  2.5552194e-004  3.9908216e-004  1.7205974e-005
 -1.8283172e-003  4.8013145e-004 -1.6585551e-003  2.1209754e-003  6.3985310e-004  2.1057610e-003  6.9033866e-004  6.3511106e-004 -2.0920419e-003  6.2608514e-004 -3.2528460e-003  1.6256963e-004  9.3919007e-006  6.4616022e-004  1.1015515e-005  4.0826453e-004  6.4032751e-004  2.7538788e-005
 -3.7917237e-003  9.9748579e-004 -3.4336974e-003  4.4111397e-003  1.3457070e-003  4.2928822e-003  1.4390339e-003  1.3195826e-003 -4.2528668e-003  1.2987888e-003 -6.7144500e-003  3.3761344e-004  1.9058935e-005  1.3571418e-003  2.2886933e-005  8.4548695e-004  1.3365738e-003  5.7217332e-005
 -1.1530160e-002  3.0478770e-003 -1.0392206e-002  1.3508308e-002  4.2381230e-003  1.2487321e-002  4.4337311e-003  4.0331740e-003 -1.2260446e-002  3.9528069e-003 -2.0158690e-002  1.0305566e-003  5.4696771e-005  4.2716358e-003  6.9948181e-005  2.5613458e-003  4.1351275e-003  1.7487045e-004
 -1.4363771e-002  3.8283933e-003 -1.2843338e-002  1.7009209e-002  5.5674596e-003  1.4505911e-002  5.6362042e-003  5.0686604e-003 -1.3973926e-002  4.9325844e-003 -2.4574588e-002  1.2923640e-003  6.1911129e-005  5.6065268e-003  8.7894176e-005  3.1715446e-003  5.2984782e-003  2.1973544e-004
 -1.6403682e-002  4.4160805e-003 -1.4529442e-002  1.9638523e-002  6.7135790e-003  1.5374528e-002  6.5767483e-003  5.8509373e-003 -1.4417057e-002  5.6469808e-003 -2.7349543e-002  1.4880755e-003  6.3425273e-005  6.7550146e-003  1.0143172e-004  3.5979866e-003  6.2464186e-003  2.5357929e-004
 -1.7570765e-002  4.7841026e-003 -1.5402519e-002  2.1251349e-002  7.5705389e-003  1.5308927e-002  7.1981995e-003  6.3442957e-003 -1.3893274e-002  6.0686339e-003 -2.8469748e-002  1.6091390e-003  6.0726133e-005  7.6115462e-003  1.0993802e-004  3.8285223e-003  6.9161144e-003  2.7484505e-004
 -1.8654423e-002  5.1424306e-003 -1.6173789e-002  2.2767571e-002  8.4236117e-003  1.5183367e-002  7.8060070e-003  6.8269488e-003 -1.3297421e-002  6.4697332e-003 -2.9315329e-002  1.7265608e-003  5.7797784e-005  8.4637472e-003  1.1823263e-004  4.0393833e-003  7.5902830e-003  2.9558158e-004
 -1.9624159e-002  5.4830240e-003 -1.6820001e-002  2.4142532e-002  9.2482129e-003  1.5009439e-002  8.3867323e-003  7.2884843e-003 -1.2682281e-002  6.8410356e-003 -2.9855322e-002  1.8376971e-003  5.4867552e-005  9.2870530e-003  1.2613043e-004  4.2254495e-003  8.2516740e-003  3.1532607e-004
 -2.0652221e-002  5.8550540e-003 -1.7490686e-002  2.5584571e-002  1.0120009e-002  1.4939161e-002  9.0152765e-003  7.7945953e-003 -1.2206639e-002  7.2443099e-003 -3.0361571e-002  1.9590408e-003  5.2610166e-005  1.0157540e-002  1.3476281e-004  4.4251724e-003  8.9701719e-003  3.3690703e-004
 -2.1735769e-002  6.2607380e-003 -1.8181297e-002  2.7091909e-002  1.1041501e-002  1.4970407e-002  9.6960633e-003  8.3488233e-003 -1.1881776e-002  7.6814911e-003 -3.0818783e-002  2.0912619e-003  5.1056002e-005  1.1077696e-002  1.4418271e-004  4.6390347e-003  9.7481479e-003  3.6045676e-004
 -2.2920918e-002  6.7173071e-003 -1.8927761e-002  2.8725090e-002  1.2041903e-002  1.5136221e-002  1.0456812e-002  8.9748796e-003 -1.1741347e-002  8.1727047e-003 -3.1278247e-002  2.2400153e-003  5.0333824e-005  1.2076801e-002  1.5478933e-004  4.8783039e-003  1.0611400e-002  3.8697333e-004
 -2.4218873e-002  7.2335766e-003 -1.9735448e-002  3.0503214e-002  1.3136182e-002  1.5445704e-002  1.1312477e-002  9.6855146e-003 -1.1794590e-002  8.7272306e-003 -3.1734333e-002  2.4080943e-003  5.0469805e-005  1.3169819e-002  1.6678915e-004  5.1472493e-003  1.1573148e-002  4.1697288e-004
 -2.5653830e-002  7.8240331e-003 -2.0619724e-002  3.2463723e-002  1.4348988e-002  1.5920088e-002  1.2286990e-002  1.0501357e-002 -1.2057155e-002  9.3608550e-003 -3.2194528e-002  2.6001310e-003  5.1520384e-005  1.4381410e-002  1.8052036e-004  5.4536680e-003  1.2655523e-002  4.5130091e-004
 -2.7244849e-002  8.5042551e-003 -2.1590947e-002  3.4640534e-002  1.5706086e-002  1.6581838e-002  1.3406220e-002  1.1444905e-002 -1.2543490e-002  1.0090189e-002 -3.2653946e-002  2.8210503e-003  5.3539141e-005  1.5737339e-002  1.9634780e-004  5.8053865e-003  1.3882314e-002  4.9086950e-004
 -2.9015855e-002  9.2949042e-003 -2.2662793e-002  3.7077929e-002  1.7241005e-002  1.7462962e-002  1.4704305e-002  1.2546024e-002 -1.3274121e-002  1.0937378e-002 -3.3108325e-002  3.0773721e-003  5.6607449e-005  1.7271134e-002  2.1475546e-004  6.2129319e-003  1.5285243e-002  5.3688864e-004
 -3.0993756e-002  1.0222788e-002 -2.3850855e-002  3.9830474e-002  1.8996228e-002  1.8606292e-002  1.6225471e-002  1.3843600e-002 -1.4277487e-002  1.1931190e-002 -3.3550677e-002  3.3775215e-003  6.0841714e-005  1.9025281e-002  2.3637185e-004  6.6899661e-003  1.6905684e-002  5.9092961e-004
 -3.3209866e-002  1.1323832e-002 -2.5174166e-002  4.2968396e-002  2.1027484e-002  2.0070342e-002  1.8028916e-002  1.5389894e-002 -1.5594670e-002  1.3110296e-002 -3.3972217e-002  3.7327497e-003  6.6413085e-005  2.1055509e-002  2.6203991e-004  7.2549156e-003  1.8799503e-002  6.5509977e-004
 -3.5700021e-002  1.2647195e-002 -2.6656102e-002  4.6583850e-002  2.3409438e-002  2.1935851e-002  2.0195602e-002  1.7256634e-002 -1.7285768e-002  1.4527794e-002 -3.4361882e-002  4.1583912e-003  7.3574164e-005  2.3436483e-002  2.9291401e-004  7.9331638e-003  2.1043836e-002  7.3228504e-004
 -3.8609590e-002  1.4301913e-002 -2.8402777e-002  5.0940846e-002  2.6318188e-002  2.4384164e-002  2.2903367e-002  1.9599836e-002 -1.9494535e-002  1.6303978e-002 -3.4797986e-002  4.6889834e-003  8.2933685e-005  2.6344369e-002  3.3154457e-004  8.7849518e-003  2.3814696e-002  8.2886141e-004
 -4.2174761e-002  1.6475539e-002 -3.0586712e-002  5.6483490e-002  3.0055720e-002  2.7723029e-002  2.6458442e-002  2.2688432e-002 -2.2476072e-002  1.8645220e-002 -3.5395498e-002  5.3838162e-003  9.5573552e-005  3.0081240e-002  3.8232122e-004  9.9129366e-003  2.7417526e-002  9.5580304e-004
 -4.6277815e-002  1.9290871e-002 -3.3135272e-002  6.3289829e-002  3.4774622e-002  3.2146944e-002  3.1066479e-002  2.6710237e-002 -2.6406143e-002  2.1681520e-002 -3.5945526e-002  6.2794386e-003  1.1223832e-004  3.4799531e-002  4.4816021e-004  1.1374774e-002  3.2047619e-002  1.1204005e-003
 -5.0968237e-002  2.3050113e-002 -3.6136225e-002  7.1847908e-002  4.0905227e-002  3.8150002e-002  3.7225702e-002  3.2112398e-002 -3.1719096e-002  2.5744384e-002 -3.6419237e-002  7.4684787e-003  1.3477395e-004  4.0929581e-002  5.3618698e-004  1.3330914e-002  3.8196957e-002  1.3404674e-003
 -5.6219660e-002  2.8272084e-002 -3.9703493e-002  8.2948329e-002  4.9172021e-002  4.6576657e-002  4.5792485e-002  3.9667400e-002 -3.9171627e-002  3.1406265e-002 -3.6787014e-002  9.1087545e-003  1.6640232e-004  4.9195890e-002  6.5865669e-004  1.6059427e-002  4.6716139e-002  1.6466417e-003
 -6.1869981e-002  3.5991113e-002 -4.4054207e-002  9.8153105e-002  6.1014010e-002  5.9105683e-002  5.8474859e-002  5.0921427e-002 -5.0285860e-002  3.9815478e-002 -3.7094618e-002  1.1513244e-002  2.1361793e-004  6.1037537e-002  8.4003489e-004  2.0121141e-002  5.9310414e-002  2.1000872e-003
 -6.7308761e-002  4.8657919e-002 -4.9662248e-002  1.2112568e-001  7.9840059e-002  7.9710301e-002  7.9322555e-002  6.9554922e-002 -6.8693276e-002  5.3706727e-002 -3.7609515e-002  1.5419154e-002  2.9195378e-004  7.9863614e-002  1.1383803e-003  2.6855619e-002  8.0031628e-002  2.8459508e-003
 -5.2762332e-002  5.2033215e-002 -4.2545983e-002  1.1701679e-001  8.2382439e-002  8.5060870e-002  8.5113728e-002  7.5236486e-002 -7.4309778e-002  5.7450758e-002 -2.9264602e-002  1.6304355e-002  3.1619597e-004  8.2400808e-002  1.2207702e-003  2.8500600e-002  8.5542331e-002  3.0519255e-003
 -4.2347065e-002  6.7251989e-002 -4.1782917e-002  1.3558797e-001  1.0272004e-001  1.0972509e-001  1.1037441e-001  9.8470385e-002 -9.7260418e-002  7.4477797e-002 -2.7267431e-002  2.0795142e-002  4.1476924e-004  1.0273731e-001  1.5829629e-003  3.6754206e-002  1.1066571e-001  3.9574073e-003
 -1.8209810e-002  7.3807304e-002 -3.1987647e-002  1.3256503e-001  1.0899107e-001  1.2021513e-001  1.2152741e-001  1.0955801e-001 -1.0821147e-001  8.2171387e-002 -2.1523798e-002  2.2465657e-002  4.6312091e-004  1.0900486e-001  1.7437425e-003  4.0414101e-002  1.2168409e-001  4.3593563e-003
  6.5264178e-003  7.9754368e-002 -2.1510641e-002  1.2841093e-001  1.1471867e-001  1.2974559e-001  1.3168044e-001  1.1998962e-001 -1.1851220e-001  8.9377538e-002 -1.7487444e-002  2.3859903e-002  5.0972021e-004  1.1472979e-001  1.8913155e-003  4.3866128e-002  1.3177107e-001  4.7282888e-003
  3.0251731e-002  8.7313602e-002 -1.1084526e-002  1.2706795e-001  1.2335202e-001  1.4193988e-001  1.4446396e-001  1.3307242e-001 -1.3142902e-001  9.8553624e-002 -1.5159024e-002  2.5626774e-002  5.6895209e-004  1.2336125e-001  2.0779785e-003  4.8286330e-002  1.4452897e-001  5.1949463e-003
  5.3538330e-002  9.7535694e-002 -2.2995032e-005  1.2937765e-001  1.3643711e-001  1.5849856e-001  1.6159563e-001  1.5049436e-001 -1.4862718e-001  1.1092146e-001 -1.4116676e-002  2.8014256e-002  6.4880522e-004  1.3644494e-001  2.3288671e-003  5.4238928e-002  1.6165482e-001  5.8221677e-003
  7.7024664e-002  1.1087951e-001  1.2646704e-002  1.3521097e-001  1.5476977e-001  1.8016132e-001  1.8380551e-001  1.7308541e-001 -1.7092192e-001  1.2708749e-001 -1.4078908e-002  3.1060039e-002  7.5421676e-004  1.5477639e-001  2.6552280e-003  6.1979254e-002  1.8386687e-001  6.6380699e-003
  1.0023275e-001  1.2664999e-001  2.7574933e-002  1.4333859e-001  1.7767257e-001  2.0580315e-001  2.0990101e-001  1.9985219e-001 -1.9732381e-001  1.4637144e-001 -1.4838048e-002  3.4455672e-002  8.8291234e-004  1.7767797e-001  3.0407031e-003  7.1122636e-002  2.0996448e-001  7.6017577e-003
  1.0918088e-001  1.2883636e-001  3.9521890e-002  1.3716955e-001  1.8261223e-001  2.0941227e-001  2.1335292e-001  2.0521129e-001 -2.0256622e-001  1.5016847e-001 -1.4582179e-002  3.3938492e-002  9.2173819e-004  1.8261597e-001  3.0999931e-003  7.2631876e-002  2.1340719e-001  7.7499828e-003
  1.0983104e-001  1.2543617e-001  4.7465193e-002  1.2756154e-001  1.8006959e-001  2.0397325e-001  2.0750710e-001  2.0128958e-001 -1.9863327e-001  1.4742161e-001 -1.4153608e-002  3.1976347e-002  9.2084552e-004  1.8007192e-001  3.0237462e-003  7.0937000e-002  2.0754681e-001  7.5593654e-003
  1.0728255e-001  1.2064825e-001  5.2568824e-002  1.1858495e-001  1.7546406e-001  1.9629766e-001  1.9938654e-001  1.9474165e-001 -1.9209912e-001  1.4293669e-001 -1.3769810e-002  2.9774566e-002  9.0843355e-004  1.7546534e-001  2.9130664e-003  6.8409027e-002  1.9941080e-001  7.2826660e-003
  1.0389984e-001  1.1597416e-001  5.5932391e-002  1.1108539e-001  1.7074702e-001  1.8881756e-001  1.9150031e-001  1.8806714e-001 -1.8543321e-001  1.3847428e-001 -1.3445576e-002  2.7723884e-002  8.9542007e-004  1.7074754e-001  2.8044551e-003  6.5911950e-002  1.9151031e-001  7.0111376e-003
  1.0045598e-001  1.1170905e-001  5.8181559e-002  1.0486238e-001  1.6630902e-001  1.8200766e-001  1.8433899e-001  1.8183046e-001 -1.7919343e-001  1.3439919e-001 -1.3146598e-002  2.5880486e-002  8.8438466e-004  1.6630898e-001  2.7052679e-003  6.3624351e-002  1.8433651e-001  6.7631697e-003
  9.7209018e-002  1.0788313e-001  5.9690925e-002  9.9637818e-002  1.6221668e-001  1.7591417e-001  1.7794756e-001  1.7614564e-001 -1.7349267e-001  1.3076322e-001 -1.2852426e-002  2.4232700e-002  8.7595825e-004  1.6221622e-001  2.6163798e-003  6.1570509e-002  1.7793449e-001  6.5409494e-003
  9.4205880e-002  1.0443212e-001  6.0677884e-002  9.5161222e-002  1.5841446e-001  1.7043094e-001  1.7221325e-001  1.7095390e-001 -1.6827319e-001  1.2750222e-001 -1.2551284e-002  2.2749443e-002  8.6997732e-004  1.5841369e-001  2.5363258e-003  5.9718315e-002  1.7219133e-001  6.3408144e-003
  9.1446434e-002  1.0130213e-001  6.1289081e-002  9.1262411e-002  1.5486344e-001  1.6546948e-001  1.6704066e-001  1.6619961e-001 -1.6348022e-001  1.2456156e-001 -1.2240697e-002  2.1405547e-002  8.6628943e-004  1.5486244e-001  2.4638597e-003  5.8039970e-002  1.6701146e-001  6.1596491e-003
  8.8916609e-002  9.8452133e-002  6.1628315e-002  8.7824943e-002  1.5154018e-001  1.6096265e-001  1.6235636e-001  1.6183885e-001 -1.5907046e-001  1.2190019e-001 -1.1922548e-002  2.0181411e-002  8.6479454e-004  1.5153901e-001  2.3980282e-003  5.6514080e-002  1.6232124e-001  5.9950706e-003
  8.6605022e-002  9.5857146e-002  6.1775502e-002  8.4772458e-002  1.4844057e-001  1.5686981e-001  1.5811439e-001  1.5784772e-001 -1.5502026e-001  1.1949553e-001 -1.1601073e-002  1.9062825e-002  8.6549498e-004  1.4843928e-001  2.3382587e-003  5.5127914e-002  1.5807451e-001  5.8456468e-003
  8.4503496e-002  9.3501955e-002  6.1793726e-002  8.2053303e-002  1.4557038e-001  1.5316643e-001  1.5428575e-001  1.5421394e-001 -1.5131733e-001  1.1733631e-001 -1.1281065e-002  1.8038952e-002  8.6846096e-004  1.4556901e-001  2.2842103e-003  5.3874021e-002  1.5424210e-001  5.7105258e-003
  8.2607627e-002  9.1378510e-002  6.1734523e-002  7.9632479e-002  1.4294190e-001  1.4983989e-001  1.5085410e-001  1.5093399e-001 -1.4795789e-001  1.1541980e-001 -1.0967162e-002  1.7101362e-002  8.7382249e-004  1.4294048e-001  2.2357146e-003  5.2748894e-002  1.5080752e-001  5.5892865e-003
  8.0915772e-002  8.9483287e-002  6.1640715e-002  7.7485871e-002  1.4057050e-001  1.4688510e-001  1.4781132e-001  1.4800961e-001 -1.4494327e-001  1.1374874e-001 -1.0663436e-002  1.6243207e-002  8.8175689e-004  1.4056905e-001  2.1927130e-003  5.1751535e-002  1.4776251e-001  5.4817826e-003
  7.9428453e-002  8.7815888e-002  6.1548560e-002  7.5596808e-002  1.3847312e-001  1.4430226e-001  1.4515511e-001  1.4544616e-001 -1.4227823e-001  1.1232971e-001 -1.0373283e-002  1.5458752e-002  8.9248474e-004  1.3847167e-001  2.1552241e-003  5.0882702e-002  1.4510464e-001  5.3880604e-003
  7.8148022e-002  8.6378307e-002  6.1489414e-002  7.3954018e-002  1.3666772e-001  1.4209565e-001  1.4288767e-001  1.4325185e-001 -1.3997027e-001  1.1117234e-001 -1.0099443e-002  1.4743104e-002  9.0627081e-004  1.3666627e-001  2.1233263e-003  5.0144528e-002  1.4283603e-001  5.3083158e-003
  7.7078537e-002  8.5174603e-002  6.1491072e-002  7.2550423e-002  1.3517325e-001  1.4027310e-001  1.4101519e-001  1.4143753e-001 -1.3802940e-001  1.1028893e-001 -9.8440872e-003  1.4092047e-002  9.2342843e-004  1.3517183e-001  2.0971509e-003  4.9540361e-002  1.4096276e-001  5.2428772e-003
  7.6226234e-002  8.4211333e-002  6.1579264e-002  7.1382855e-002  1.3401082e-001  1.3884675e-001  1.3954844e-001  1.4001770e-001 -1.3646913e-001  1.0969519e-001 -9.6089818e-003  1.3502018e-002  9.4433235e-004  1.3400943e-001  2.0768934e-003  4.9075043e-002  1.3949556e-001  5.1922335e-003
  7.5599413e-002  8.3497369e-002  6.1778437e-002  7.0451420e-002  1.3320374e-001  1.3783278e-001  1.3850252e-001  1.3901043e-001 -1.3530638e-001  1.0941003e-001 -9.3955590e-003  1.2969997e-002  9.6942637e-004  1.3320240e-001  2.0628102e-003  4.8754838e-002  1.3844945e-001  5.1570254e-003
  7.5209158e-002  8.3044664e-002  6.2113049e-002  6.9759840e-002  1.3277915e-001  1.3725269e-001  1.3789810e-001  1.3843877e-001 -1.3456290e-001  1.0945680e-001 -9.2050752e-003  1.2493550e-002  9.9924307e-004  1.3277787e-001  2.0552384e-003  4.8587905e-002  1.3784505e-001  5.1380960e-003
  7.5069546e-002  8.2868464e-002  6.2608319e-002  6.9315340e-002  1.3276861e-001  1.3713375e-001  1.3776180e-001  1.3833131e-001 -1.3426579e-001  1.0986366e-001 -9.0386812e-003  1.2070772e-002  1.0344199e-003  1.3276738e-001  2.0546027e-003  4.8584468e-002  1.3770895e-001  5.1365068e-003
  7.5198782e-002  8.2988539e-002  6.3291671e-002  6.9129506e-002  1.3321035e-001  1.3751111e-001  1.3812830e-001  1.3872439e-001 -1.3444965e-001  1.1066550e-001 -8.8975802e-003  1.1700395e-002  1.0757312e-003  1.3320919e-001  2.0614477e-003  4.8757585e-002  1.3807579e-001  5.1536192e-003
  7.5619632e-002  8.3429651e-002  6.4193548e-002  6.9218507e-002  1.3415031e-001  1.3842870e-001  1.3904121e-001  1.3966306e-001 -1.3515752e-001  1.1190485e-001 -8.7830762e-003  1.1381747e-002  1.1241157e-003  1.3414922e-001  2.0764518e-003  4.9123484e-002  1.3898915e-001  5.1911296e-003
  7.6360916e-002  8.4223179e-002  6.5349094e-002  6.9604330e-002  1.3564503e-001  1.3994205e-001  1.4055591e-001  1.4120401e-001 -1.3644373e-001  1.1363439e-001 -8.6967231e-003  1.1114886e-002  1.1807248e-003  1.3564402e-001  2.1004712e-003  4.9702607e-002  1.4050440e-001  5.2511781e-003
  7.7459012e-002  8.5408752e-002  6.6799856e-002  7.0316030e-002  1.3776460e-001  1.4212125e-001  1.4274248e-001  1.4341854e-001 -1.3837684e-001  1.1591968e-001 -8.6404418e-003  1.0900690e-002  1.2469807e-003  1.3776367e-001  2.1345847e-003  5.0520682e-002  1.4269160e-001  5.3364617e-003
  7.8959710e-002  8.7036269e-002  6.8595836e-002  7.1391339e-002  1.4059627e-001  1.4505458e-001  1.4568935e-001  1.4639633e-001 -1.4104320e-001  1.1884255e-001 -8.6166468e-003  1.0740980e-002  1.3246511e-003  1.4059542e-001  2.1801501e-003  5.1610065e-002  1.4563914e-001  5.4503752e-003
  8.0921451e-002  8.9169418e-002  7.0798807e-002  7.2879528e-002  1.4425067e-001  1.4885481e-001  1.4950959e-001  1.5025178e-001 -1.4455321e-001  1.2250678e-001 -8.6284830e-003  1.0638802e-002  1.4159620e-003  1.4424991e-001  2.2389009e-003  5.3012043e-002  1.4946010e-001  5.5972522e-003
  8.3419212e-002  9.1889903e-002  7.3486352e-002  7.4844891e-002  1.4886927e-001  1.5366684e-001  1.5434860e-001  1.5513177e-001 -1.4904880e-001  1.2704517e-001 -8.6800765e-003  1.0598725e-002  1.5237459e-003  1.4886861e-001  2.3130641e-003  5.4779637e-002  1.5429985e-001  5.7826603e-003
  8.6550087e-002  9.5303500e-002  7.6757588e-002  7.7371787e-002  1.5463520e-001  1.5967873e-001  1.6039516e-001  1.6122681e-001 -1.5471432e-001  1.3262964e-001 -8.7768929e-003  1.0627306e-002  1.6516511e-003  1.5463462e-001  2.4055299e-003  5.6981645e-002  1.6034715e-001  6.0138248e-003
  9.0442541e-002  9.9550125e-002  8.0742497e-002  8.0573069e-002  1.6179092e-001  1.6713984e-001  1.6789964e-001  1.6878946e-001 -1.6179437e-001  1.3948787e-001 -8.9263721e-003  1.0733906e-002  1.8044685e-003  1.6179045e-001  2.5201314e-003  5.9709303e-002  1.6785235e-001  6.3003285e-003
  9.5269491e-002  1.0481802e-001  8.5615242e-002  8.4602049e-002  1.7066358e-001  1.7638679e-001  1.7720004e-001  1.7816050e-001 -1.7061924e-001  1.4792710e-001 -9.1387859e-003  1.0931826e-002  1.9886070e-003  1.7066321e-001  2.6620437e-003  6.3085788e-002  1.7715342e-001  6.6551092e-003
  1.0126764e-001  1.1136473e-001  9.1614008e-002  8.9670335e-002  1.8170263e-001  1.8788203e-001  1.8876068e-001  1.8980796e-001 -1.8164292e-001  1.5836991e-001 -9.4284952e-003  1.1239981e-002  2.2128094e-003  1.8170236e-001  2.8383797e-003  6.7280411e-002  1.8871462e-001  7.0959492e-003
  1.0717148e-001  1.1779579e-001  9.7613381e-002  9.4667275e-002  1.9266629e-001  1.9930232e-001  2.0024676e-001  2.0138492e-001 -1.9262962e-001  1.6888518e-001 -9.6740083e-003  1.1516671e-002  2.4519211e-003  1.9266612e-001  3.0141521e-003  7.1464462e-002  2.0020174e-001  7.5353803e-003
  1.1248429e-001  1.2356439e-001  1.0315829e-001  9.9176837e-002  2.0268342e-001  2.0973600e-001  2.1074086e-001  2.1196838e-001 -2.0271203e-001  1.7869661e-001 -9.8394862e-003  1.1722337e-002  2.6926466e-003  2.0268336e-001  3.1755695e-003  7.5310995e-002  2.1069736e-001  7.9389237e-003
  1.1914832e-001  1.3080195e-001  1.1003948e-001  1.0493422e-001  2.1528698e-001  2.2282782e-001  2.2390359e-001  2.2524005e-001 -2.1542413e-001  1.9092023e-001 -1.0100820e-002  1.2067864e-002  2.9806190e-003  2.1528701e-001  3.3778605e-003  8.0130161e-002  2.2386119e-001  8.4446513e-003
  1.2762777e-001  1.4001136e-001  1.1873510e-001  1.1237143e-001  2.3138687e-001  2.3950883e-001  2.4066901e-001  2.4214037e-001 -2.3167786e-001  2.0641739e-001 -1.0490163e-002  1.2594020e-002  3.3320171e-003  2.3138698e-001  3.6353822e-003  8.6263999e-002  2.4062708e-001  9.0884555e-003
  1.3874870e-001  1.5208818e-001  1.3008897e-001  1.2225488e-001  2.5259318e-001  2.6142986e-001  2.6269376e-001  2.6433706e-001 -2.5308889e-001  2.2670700e-001 -1.1065891e-002  1.3375474e-002  3.7749407e-003  2.5259336e-001  3.9735614e-003  9.4318064e-002  2.6265132e-001  9.9339035e-003
  1.5346426e-001  1.6805980e-001  1.4511452e-001  1.3549390e-001  2.8082787e-001  2.9055483e-001  2.9194776e-001  2.9381324e-001 -2.8158720e-001  2.5364211e-001 -1.1892336e-002  1.4497970e-002  4.3446223e-003  2.8082809e-001  4.4228249e-003  1.0501803e-001  2.9190340e-001  1.1057062e-002
  1.7337844e-001  1.8965334e-001  1.6552546e-001  1.5363307e-001  3.1934838e-001  3.3021132e-001  3.3176863e-001  3.3392797e-001 -3.2044149e-001  2.9036627e-001 -1.3082430e-002  1.6111692e-002  5.0992057e-003  3.1934860e-001  5.0347363e-003  1.1959377e-001  3.3172010e-001  1.2586841e-002
  2.0109092e-001  2.1965899e-001  1.9415568e-001  1.7922623e-001  3.7354115e-001  3.8589345e-001  3.8766587e-001  3.9022462e-001 -3.7505078e-001  3.4211962e-001 -1.4825696e-002  1.8468842e-002  6.1333350e-003  3.7354132e-001  5.8946037e-003  1.4008121e-001  3.8760934e-001  1.4736509e-002
  2.4094667e-001  2.6271740e-001  2.3588373e-001  2.1666696e-001  4.5267643e-001  4.6703815e-001  4.6910015e-001  4.7221837e-001 -4.5469003e-001  4.1802289e-001 -1.7456474e-002  2.2011323e-002  7.6060649e-003  4.5267640e-001  7.1493554e-003  1.6998957e-001  4.6902866e-001  1.7873389e-002
  2.9932485e-001  3.2556090e-001  2.9838776e-001  2.7284872e-001  5.7132257e-001  5.8841210e-001  5.9086617e-001  5.9477805e-001 -5.7388107e-001  5.3277591e-001 -2.1523535e-002  2.7452570e-002  9.7570530e-003  5.7132206e-001  9.0303129e-003  2.1485335e-001  5.9076623e-001  2.2575782e-002
  3.7893246e-001  4.1067125e-001  3.8732157e-001  3.5274990e-001  7.4010809e-001  7.6052063e-001  7.6345042e-001  7.6839828e-001 -7.4299710e-001  6.9870458e-001 -2.7525443e-002  3.5385973e-002  1.2721056e-002  7.4010651e-001  1.1708140e-002  2.7879689e-001  7.6329707e-001  2.9270350e-002
  4.5363829e-001  4.8907325e-001  4.8018920e-001  4.3583499e-001  9.1600698e-001  9.3879764e-001  9.4206400e-001  9.4790760e-001 -9.1834939e-001  8.7840840e-001 -3.4217578e-002  4.3972360e-002  1.5645230e-002  9.1600341e-001  1.4507108e-002  3.4580384e-001  9.4182647e-001  3.6267771e-002
  4.8666072e-001  5.2094440e-001  5.3930354e-001  4.8819700e-001  1.0274480e+000  1.0502929e+000  1.0535589e+000  1.0596957e+000 -1.0280724e+000  1.0042710e+000 -3.9258366e-002  4.9939630e-002  1.7238814e-002  1.0274418e+000  1.6298662e-002  3.8896827e-001  1.0532205e+000  4.0746656e-002
  5.0705074e-001  5.3788359e-001  5.9390986e-001  5.3666949e-001  1.1305195e+000  1.1531341e+000  1.1563566e+000  1.1626327e+000 -1.1288022e+000  1.1300609e+000 -4.4450322e-002  5.5911812e-002  1.8521818e-002  1.1305103e+000  1.7975900e-002  4.2953194e-001  1.1558965e+000  4.4939751e-002
  4.9809316e-001  5.2282830e-001  6.2008679e-001  5.5983966e-001  1.1798891e+000  1.2015415e+000  1.2046162e+000  1.2107488e+000 -1.1758612e+000  1.2095126e+000 -4.6985417e-002  5.9418697e-002  1.8878943e-002  1.1798775e+000  1.8820302e-002  4.5026011e-001  1.2040549e+000  4.7050754e-002
  4.8471452e-001  5.0317462e-001  6.4040075e-001  5.7824599e-001  1.2186550e+000  1.2397480e+000  1.2427351e+000  1.2487771e+000 -1.2127725e+000  1.2831389e+000 -4.7342452e-002  6.2337879e-002  1.9129823e-002  1.2186421e+000  1.9515544e-002  4.6741094e-001  1.2421088e+000  4.8788859e-002
  4.8281942e-001  4.9593019e-001  6.7201446e-001  6.0744015e-001  1.2795290e+000  1.3010283e+000  1.3040689e+000  1.3102629e+000 -1.2722252e+000  1.3846060e+000 -4.5946894e-002  6.6227554e-002  1.9826132e-002  1.2795165e+000  2.0587985e-002  4.9356390e-001  1.3034235e+000  5.1469962e-002
  4.9499665e-001  5.0382348e-001  7.1751875e-001  6.4985730e-001  1.3675402e+000  1.3904622e+000  1.3937058e+000  1.4003281e+000 -1.3592327e+000  1.5204512e+000 -4.2367206e-002  7.1309901e-002  2.1051616e-002  1.3675301e+000  2.2128538e-002  5.3090262e-001  1.3931108e+000  5.5321345e-002
  5.1894531e-001  5.2461003e-001  7.7242544e-001  7.0155705e-001  1.4742622e+000  1.4995299e+000  1.5031141e+000  1.5104283e+000 -1.4654933e+000  1.6816781e+000 -3.6022596e-002  7.7087015e-002  2.2690601e-002  1.4742573e+000  2.4014014e-002  5.7646507e-001  1.5026715e+000  6.0035036e-002
  5.7258985e-001  5.7647953e-001  8.6222459e-001  7.8590088e-001  1.6485614e+000  1.6780952e+000  1.6823010e+000  1.6908821e+000 -1.6397680e+000  1.9246977e+000 -2.7662558e-002  8.6014085e-002  2.5527552e-002  1.6485651e+000  2.7064823e-002  6.4993018e-001  1.6821335e+000  6.7662058e-002
  6.7722183e-001  6.8091782e-001  1.0166970e+000  9.3061354e-001  1.9479752e+000  1.9852005e+000  1.9905275e+000  2.0014585e+000 -1.9398199e+000  2.3204662e+000 -1.6340193e-002  1.0085526e-001  3.0546213e-002  1.9479926e+000  3.2291989e-002  7.7554256e-001  1.9908270e+000  8.0729971e-002
  7.1498031e-001  7.1961038e-001  1.0568528e+000  9.7166855e-001  2.0293550e+000  2.0711989e+000  2.0772143e+000  2.0898128e+000 -2.0241519e+000  2.4537168e+000 -4.9206467e-004  1.0370918e-001  3.2405805e-002  2.0293868e+000  3.4030837e-002  8.1717351e-001  2.0780795e+000  8.5077091e-002
  6.8882125e-001  6.9475134e-001  9.9639224e-001  9.1960392e-001  1.9168793e+000  1.9593304e+000  1.9654531e+000  1.9787611e+000 -1.9154403e+000  2.3372735e+000  1.2497109e-002  9.6417358e-002  3.1238263e-002  1.9169191e+000  3.2543828e-002  7.8115753e-001  1.9667059e+000  8.1359570e-002
  6.5905290e-001  6.6611467e-001  9.3256559e-001  8.6328536e-001  1.7967350e+000  1.8388749e+000  1.8449650e+000  1.8588805e+000 -1.7985182e+000  2.1979698e+000  2.1124206e-002  8.8925461e-002  2.9857116e-002  1.7967781e+000  3.0889167e-002  7.4103463e-001  1.8464322e+000  7.7222917e-002
  6.4336148e-001  6.5131555e-001  8.9196947e-001  8.2765083e-001  1.7204999e+000  1.7626358e+000  1.7687321e+000  1.7835052e+000 -1.7249325e+000  2.1047329e+000  2.7366237e-002  8.3864028e-002  2.9097528e-002  1.7205442e+000  2.9960939e-002  7.1829930e-001  1.7703309e+000  7.4902347e-002
  6.2475702e-001  6.3317942e-001  8.5031438e-001  7.9052083e-001  1.6416958e+000  1.6831622e+000  1.6891652e+000  1.7046877e+000 -1.6482222e+000  2.0042465e+000  3.1789130e-002  7.8921560e-002  2.8194686e-002  1.6417394e+000  2.8970932e-002  6.9405779e-001  1.6908177e+000  7.2427331e-002
  6.0355133e-001  6.1207229e-001  8.0788441e-001  7.5228548e-001  1.5610036e+000  1.6012486e+000  1.6070765e+000  1.6232062e+000 -1.5690939e+000  1.8994431e+000  3.4952310e-002  7.4130389e-002  2.7161698e-002  1.5610452e+000  2.7926931e-002  6.6851705e-001  1.6087313e+000  6.9817327e-002
  5.7674826e-001  5.8503875e-001  7.6040198e-001  7.0904871e-001  1.4702486e+000  1.5086104e+000  1.5141661e+000  1.5306415e+000 -1.4793747e+000  1.7817359e+000  3.7015722e-002  6.9086025e-002  2.5863673e-002  1.4702872e+000  2.6674684e-002  6.3800413e-001  1.5157804e+000  6.6686711e-002
  5.5514242e-001  5.6311119e-001  7.2170714e-001  6.7376421e-001  1.3962397e+000  1.4328590e+000  1.4381622e+000  1.4550082e+000 -1.4061109e+000  1.6843473e+000  3.8893142e-002  6.5016468e-002  2.4785390e-002  1.3962757e+000  2.5696906e-002  6.1407456e-001  1.4397340e+000  6.4242266e-002
  5.4009688e-001  5.4773311e-001  6.9279324e-001  6.4744279e-001  1.3409832e+000  1.3761261e+000  1.3812151e+000  1.3985325e+000 -1.3514332e+000  1.6096893e+000  4.0954839e-002  6.1959612e-002  2.3984126e-002  1.3410168e+000  2.5044961e-002  5.9793631e-001  1.3827522e+000  6.2612402e-002
  5.3192004e-001  5.3924971e-001  6.7339703e-001  6.2987375e-001  1.3040054e+000  1.3379725e+000  1.3428908e+000  1.3608268e+000 -1.3149504e+000  1.5569368e+000  4.3440452e-002  5.9851254e-002  2.3467492e-002  1.3040369e+000  2.4727381e-002  5.8976649e-001  1.3444052e+000  6.1818454e-002
  5.2770941e-001  5.3473331e-001  6.5935783e-001  6.1718984e-001  1.2772735e+000  1.3101673e+000  1.3149295e+000  1.3335587e+000 -1.2886093e+000  1.5161676e+000  4.6267281e-002  5.8296908e-002  2.3099944e-002  1.2773031e+000  2.4607106e-002  5.8626960e-001  1.3164256e+000  6.1517766e-002
  5.2819962e-001  5.3493455e-001  6.5127369e-001  6.0996037e-001  1.2619551e+000  1.2938980e+000  1.2985218e+000  1.3179513e+000 -1.2735994e+000  1.4884473e+000  4.9592566e-002  5.7338380e-002  2.2905492e-002  1.2619831e+000  2.4717970e-002  5.8822853e-001  1.3000057e+000  6.1794926e-002
  5.3179889e-001  5.3824110e-001  6.4691277e-001  6.0607745e-001  1.2537074e+000  1.2846998e+000  1.2891852e+000  1.3094611e+000 -1.2655360e+000  1.4682922e+000  5.3343051e-002  5.6775332e-002  2.2804436e-002  1.2537338e+000  2.4986593e-002  5.9387062e-001  1.2906575e+000  6.2466482e-002
  5.3783156e-001  5.4396821e-001  6.4528968e-001  6.0460152e-001  1.2506039e+000  1.2805762e+000  1.2849129e+000  1.3060363e+000 -1.2624494e+000  1.4531104e+000  5.7474823e-002  5.6526117e-002  2.2757124e-002  1.2506287e+000  2.5382432e-002  6.0244655e-001  1.2863706e+000  6.3456081e-002
  5.4720674e-001  5.5303297e-001  6.4736141e-001  6.0639657e-001  1.2544652e+000  1.2833703e+000  1.2875516e+000  1.3095276e+000 -1.2661403e+000  1.4446391e+000  6.2083107e-002  5.6684707e-002  2.2789445e-002  1.2544885e+000  2.5950108e-002  6.1498873e-001  1.2889925e+000  6.4875269e-002
  5.6151535e-001  5.6703663e-001  6.5481947e-001  6.1301001e-001  1.2685316e+000  1.2963574e+000  1.3003815e+000  1.3232388e+000 -1.2798224e+000  1.4460469e+000  6.7343960e-002  5.7415432e-002  2.2950050e-002  1.2685534e+000  2.6768254e-002  6.3332149e-001  1.3018047e+000  6.6920635e-002
  5.7944277e-001  5.8464329e-001  6.6593566e-001  6.2275644e-001  1.2893857e+000  1.3160129e+000  1.3198623e+000  1.3435188e+000 -1.2999784e+000  1.4527503e+000  7.3063333e-002  5.8591401e-002  2.3163093e-002  1.2894060e+000  2.7778280e-002  6.5600890e-001  1.3212607e+000  6.9445699e-002
  6.0272269e-001  6.0759583e-001  6.8255062e-001  6.3729832e-001  1.3205308e+000  1.3458647e+000  1.3495260e+000  1.3738938e+000 -1.3300436e+000  1.4679023e+000  7.9346659e-002  6.0408225e-002  2.3474866e-002  1.3205497e+000  2.9067357e-002  6.8505343e-001  1.3508931e+000  7.2668392e-002
  6.2632889e-001  6.3082586e-001  6.9892487e-001  6.5119422e-001  1.3507789e+000  1.3744984e+000  1.3779250e+000  1.4026253e+000 -1.3586595e+000  1.4783345e+000  8.5325036e-002  6.2396920e-002  2.3669981e-002  1.3507962e+000  3.0396168e-002  7.1475975e-001  1.3792408e+000  7.5990419e-002
  6.1527699e-001  6.1915591e-001  6.7703045e-001  6.2913846e-001  1.3067645e+000  1.3274889e+000  1.3304815e+000  1.3537806e+000 -1.3121851e+000  1.4056536e+000  8.5763345e-002  6.1130196e-002  2.2492821e-002  1.3067793e+000  3.0049475e-002  7.0491678e-001  1.3316622e+000  7.5123688e-002
  6.0503577e-001  6.0836528e-001  6.5731866e-001  6.0898022e-001  1.2668304e+000  1.2848011e+000  1.2873951e+000  1.3090563e+000 -1.2696614e+000  1.3377966e+000  8.5153320e-002  6.0150421e-002  2.1362174e-002  1.2668429e+000  2.9730010e-002  6.9571731e-001  1.2884447e+000  7.4325024e-002
  5.9305804e-001  5.9589444e-001  6.3699751e-001  5.8822221e-001  1.2256875e+000  1.2411100e+000  1.2433352e+000  1.2631306e+000 -1.2258968e+000  1.2695710e+000  8.3208746e-002  5.9170789e-002  2.0209028e-002  1.2256981e+000  2.9310870e-002  6.8421710e-001  1.2442567e+000  7.3277176e-002
  5.8516500e-001  5.8759025e-001  6.2222801e-001  5.7262721e-001  1.1952661e+000  1.2085116e+000  1.2104221e+000  1.2284033e+000 -1.1929120e+000  1.2136083e+000  8.0843101e-002  5.8733856e-002  1.9246644e-002  1.1952752e+000  2.9079141e-002  6.7713758e-001  1.2112300e+000  7.2697852e-002
  5.8018077e-001  5.8225968e-001  6.1152339e-001  5.6083117e-001  1.1727144e+000  1.1840912e+000  1.1857315e+000  1.2019592e+000 -1.1678825e+000  1.1667222e+000  7.8013829e-002  5.8691135e-002  1.8432366e-002  1.1727221e+000  2.8979738e-002  6.7317681e-001  1.1864386e+000  7.2449345e-002
  5.7860362e-001  5.8039285e-001  6.0521765e-001  5.5315129e-001  1.1586839e+000  1.1684712e+000  1.1698819e+000  1.1844637e+000 -1.1514675e+000  1.1293270e+000  7.4891228e-002  5.9067543e-002  1.7778173e-002  1.1586905e+000  2.9040231e-002  6.7296092e-001  1.1705005e+000  7.2600579e-002
  5.7979525e-001  5.8134022e-001  6.0247418e-001  5.4881775e-001  1.1515674e+000  1.1599985e+000  1.1612134e+000  1.1742595e+000 -1.1420682e+000  1.0995960e+000  7.1481973e-002  5.9778478e-002  1.7258290e-002  1.1515730e+000  2.9231238e-002  6.7579267e-001  1.1617543e+000  7.3078095e-002
  5.8342254e-001  5.8476050e-001  6.0281395e-001  5.4739511e-001  1.1504499e+000  1.1577204e+000  1.1587677e+000  1.1703947e+000 -1.1387717e+000  1.0764648e+000  6.7829028e-002  6.0772848e-002  1.6857640e-002  1.1504548e+000  2.9537965e-002  6.8131911e-001  1.1592405e+000  7.3844913e-002
  5.8933564e-001  5.9049751e-001  6.0597528e-001  5.4863580e-001  1.1548218e+000  1.1611010e+000  1.1620053e+000  1.1723343e+000 -1.1410672e+000  1.0593041e+000  6.3994128e-002  6.2021154e-002  1.6566766e-002  1.1548260e+000  2.9954449e-002  6.8939428e-001  1.1624185e+000  7.4886122e-002
  5.9641810e-001  5.9742798e-001  6.1072476e-001  5.5142310e-001  1.1623319e+000  1.1677551e+000  1.1685359e+000  1.1776735e+000 -1.1466238e+000  1.0458688e+000  5.9938847e-002  6.3393624e-002  1.6350114e-002  1.1623356e+000  3.0425023e-002  6.9873389e-001  1.1688964e+000  7.6062557e-002
  6.0437750e-001  6.0525579e-001  6.1670231e-001  5.5543082e-001  1.1722940e+000  1.1769780e+000  1.1776523e+000  1.1857070e+000 -1.1547612e+000  1.0355515e+000  5.5733500e-002  6.4846664e-002  1.6197095e-002  1.1722971e+000  3.0935178e-002  7.0900921e-001  1.1779664e+000  7.7337945e-002
  6.1164944e-001  6.1241198e-001  6.2226556e-001  5.5918260e-001  1.1815885e+000  1.1856271e+000  1.1862084e+000  1.1932726e+000 -1.1624048e+000  1.0256754e+000  5.1347685e-002  6.6200796e-002  1.6063995e-002  1.1815912e+000  3.1404748e-002  7.1839335e-001  1.1864813e+000  7.8511869e-002
  6.1655380e-001  6.1721336e-001  6.2567964e-001  5.6112753e-001  1.1869290e+000  1.1903994e+000  1.1908988e+000  1.1970559e+000 -1.1663280e+000  1.0136059e+000  4.6792664e-002  6.7260520e-002  1.5907031e-002  1.1869313e+000  3.1746507e-002  7.2491306e-001  1.1911347e+000  7.9366269e-002
  6.1655380e-001  6.1721336e-001  6.2567964e-001  5.6112753e-001  1.1869290e+000  1.1903994e+000  1.1908988e+000  1.1970559e+000 -1.1663280e+000  1.0136059e+000  4.6792664e-002  6.7260520e-002  1.5907031e-002  1.1869313e+000  3.1746507e-002  7.2491306e-001  1.1911347e+000  7.9366269e-002
