  9.7652200e-002  2.5251300e+000  2.5251300e+000  2.5251300e+000  2.5251300e+000  2.5251300e+000  2.5251300e+000  2.5251300e+000  2.5251300e+000  1.5032900e+000  1.5032900e+000  1.5032900e+000  8.8568900e-001  1.2769600e-001  6.3235200e-002  1.8153100e+000  1.7814100e-001
  9.7652196e-002  2.5251319e+000  2.5251301e+000  2.5251282e+000  2.5251299e+000  2.5251304e+000  2.5251299e+000  2.5305583e+000  2.5197017e+000  1.5032910e+000  1.5032872e+000  1.5032890e+000  8.8569097e-001  1.2769600e-001  6.3235189e-002  1.8153100e+000  1.7814084e-001
  9.7652175e-002  2.5251414e+000  2.5251306e+000  2.5251191e+000  2.5251293e+000  2.5251327e+000  2.5251295e+000  2.5575087e+000  2.4927510e+000  1.5032960e+000  1.5032732e+000  1.5032840e+000  8.8570079e-001  1.2769600e-001  6.3235134e-002  1.8153101e+000  1.7814004e-001
  9.7652075e-002  2.5251868e+000  2.5251332e+000  2.5250755e+000  2.5251265e+000  2.5251434e+000  2.5251276e+000  2.6824078e+000  2.3678510e+000  1.5033202e+000  1.5032058e+000  1.5032598e+000  8.8574791e-001  1.2769600e-001  6.3234869e-002  1.8153103e+000  1.7813621e-001
  9.7651903e-002  2.5252651e+000  2.5251377e+000  2.5250005e+000  2.5251217e+000  2.5251618e+000  2.5251244e+000  2.8817200e+000  2.1685374e+000  1.5033619e+000  1.5030896e+000  1.5032181e+000  8.8582907e-001  1.2769600e-001  6.3234414e-002  1.8153108e+000  1.7812961e-001
  9.7651670e-002  2.5253711e+000  2.5251437e+000  2.5248989e+000  2.5251151e+000  2.5251864e+000  2.5251199e+000  3.1226128e+000  1.9276436e+000  1.5034188e+000  1.5029319e+000  1.5031612e+000  8.8593898e-001  1.2769600e-001  6.3233797e-002  1.8153114e+000  1.7812068e-001
  9.7651381e-002  2.5255024e+000  2.5251512e+000  2.5247731e+000  2.5251070e+000  2.5252159e+000  2.5251145e+000  3.3803124e+000  1.6699452e+000  1.5034897e+000  1.5027361e+000  1.5030903e+000  8.8607514e-001  1.2769601e-001  6.3233032e-002  1.8153122e+000  1.7810961e-001
  9.7651037e-002  2.5256585e+000  2.5251601e+000  2.5246236e+000  2.5250974e+000  2.5252489e+000  2.5251080e+000  3.6365915e+000  1.4136720e+000  1.5035746e+000  1.5025029e+000  1.5030054e+000  8.8623690e-001  1.2769601e-001  6.3232125e-002  1.8153131e+000  1.7809646e-001
  9.7650638e-002  2.5258398e+000  2.5251705e+000  2.5244498e+000  2.5250862e+000  2.5252843e+000  2.5251004e+000  3.8783143e+000  1.1719630e+000  1.5036739e+000  1.5022312e+000  1.5029061e+000  8.8642489e-001  1.2769602e-001  6.3231070e-002  1.8153141e+000  1.7808117e-001
  9.7650180e-002  2.5260481e+000  2.5251823e+000  2.5242502e+000  2.5250734e+000  2.5253206e+000  2.5250917e+000  4.0965323e+000  9.5377010e-001  1.5037887e+000  1.5019183e+000  1.5027913e+000  8.8664089e-001  1.2769603e-001  6.3229858e-002  1.8153153e+000  1.7806361e-001
  9.7649704e-002  2.5262642e+000  2.5251947e+000  2.5240431e+000  2.5250600e+000  2.5253535e+000  2.5250827e+000  4.2703415e+000  7.7999696e-001  1.5039084e+000  1.5015932e+000  1.5026716e+000  8.8686490e-001  1.2769605e-001  6.3228601e-002  1.8153166e+000  1.7804540e-001
  9.7649218e-002  2.5264847e+000  2.5252072e+000  2.5238318e+000  2.5250464e+000  2.5253828e+000  2.5250735e+000  4.4055315e+000  6.4485291e-001  1.5040312e+000  1.5012609e+000  1.5025488e+000  8.8709351e-001  1.2769607e-001  6.3227319e-002  1.8153179e+000  1.7802682e-001
  9.7648720e-002  2.5267106e+000  2.5252201e+000  2.5236154e+000  2.5250325e+000  2.5254090e+000  2.5250640e+000  4.5104380e+000  5.4000161e-001  1.5041573e+000  1.5009200e+000  1.5024227e+000  8.8732772e-001  1.2769609e-001  6.3226005e-002  1.8153192e+000  1.7800778e-001
  9.7648207e-002  2.5269434e+000  2.5252334e+000  2.5233924e+000  2.5250181e+000  2.5254326e+000  2.5250543e+000  4.5917026e+000  4.5880101e-001  1.5042876e+000  1.5005684e+000  1.5022924e+000  8.8756904e-001  1.2769612e-001  6.3224652e-002  1.8153205e+000  1.7798817e-001
  9.7647674e-002  2.5271849e+000  2.5252472e+000  2.5231609e+000  2.5250032e+000  2.5254542e+000  2.5250442e+000  4.6544904e+000  3.9608558e-001  1.5044231e+000  1.5002032e+000  1.5021569e+000  8.8781946e-001  1.2769616e-001  6.3223248e-002  1.8153220e+000  1.7796781e-001
  9.7647116e-002  2.5274376e+000  2.5252616e+000  2.5229188e+000  2.5249876e+000  2.5254744e+000  2.5250336e+000  4.7028131e+000  3.4784370e-001  1.5045652e+000  1.4998210e+000  1.5020148e+000  8.8808149e-001  1.2769620e-001  6.3221780e-002  1.8153234e+000  1.7794652e-001
  9.7646527e-002  2.5277047e+000  2.5252768e+000  2.5226629e+000  2.5249712e+000  2.5254937e+000  2.5250224e+000  4.7397874e+000  3.1095904e-001  1.5047154e+000  1.4994168e+000  1.5018646e+000  8.8835837e-001  1.2769625e-001  6.3220228e-002  1.8153250e+000  1.7792401e-001
  9.7645897e-002  2.5279901e+000  2.5252931e+000  2.5223894e+000  2.5249535e+000  2.5255126e+000  2.5250105e+000  4.7678385e+000  2.8300728e-001  1.5048761e+000  1.4989847e+000  1.5017039e+000  8.8865430e-001  1.2769631e-001  6.3218570e-002  1.8153266e+000  1.7789996e-001
  9.7645214e-002  2.5282993e+000  2.5253108e+000  2.5220932e+000  2.5249344e+000  2.5255316e+000  2.5249975e+000  4.7888603e+000  2.6209606e-001  1.5050504e+000  1.4985166e+000  1.5015296e+000  8.8897483e-001  1.2769638e-001  6.3216775e-002  1.8153284e+000  1.7787391e-001
  9.7644462e-002  2.5286393e+000  2.5253302e+000  2.5217674e+000  2.5249135e+000  2.5255514e+000  2.5249833e+000  4.8043418e+000  2.4673866e-001  1.5052421e+000  1.4980016e+000  1.5013379e+000  8.8932739e-001  1.2769646e-001  6.3214800e-002  1.8153304e+000  1.7784526e-001
  9.7643619e-002  2.5290202e+000  2.5253519e+000  2.5214026e+000  2.5248899e+000  2.5255726e+000  2.5249673e+000  4.8154672e+000  2.3575434e-001  1.5054569e+000  1.4974246e+000  1.5011231e+000  8.8972227e-001  1.2769657e-001  6.3212590e-002  1.8153326e+000  1.7781317e-001
  9.7642655e-002  2.5294561e+000  2.5253768e+000  2.5209850e+000  2.5248630e+000  2.5255961e+000  2.5249490e+000  4.8231944e+000  2.2819017e-001  1.5057028e+000  1.4967643e+000  1.5008772e+000  8.9017420e-001  1.2769670e-001  6.3210060e-002  1.8153351e+000  1.7777645e-001
  9.7641520e-002  2.5299684e+000  2.5254061e+000  2.5204942e+000  2.5248314e+000  2.5256231e+000  2.5249275e+000  4.8283168e+000  2.2326064e-001  1.5059920e+000  1.4959880e+000  1.5005880e+000  8.9070540e-001  1.2769688e-001  6.3207088e-002  1.8153381e+000  1.7773329e-001
  9.7640138e-002  2.5305916e+000  2.5254417e+000  2.5198972e+000  2.5247929e+000  2.5256554e+000  2.5249012e+000  4.8315103e+000  2.2030279e-001  1.5063437e+000  1.4950437e+000  1.5002363e+000  8.9135151e-001  1.2769712e-001  6.3203475e-002  1.8153417e+000  1.7768079e-001
  9.7638376e-002  2.5313856e+000  2.5254870e+000  2.5191366e+000  2.5247438e+000  2.5256963e+000  2.5248678e+000  4.8333685e+000  2.1874565e-001  1.5067920e+000  1.4938403e+000  1.4997880e+000  8.9217483e-001  1.2769747e-001  6.3198874e-002  1.8153463e+000  1.7761391e-001
  9.7635968e-002  2.5324689e+000  2.5255490e+000  2.5180990e+000  2.5246768e+000  2.5257518e+000  2.5248221e+000  4.8344303e+000  2.1809499e-001  1.5074035e+000  1.4921985e+000  1.4991765e+000  8.9329794e-001  1.2769802e-001  6.3192601e-002  1.8153526e+000  1.7752268e-001
  9.7632291e-002  2.5341192e+000  2.5256433e+000  2.5165184e+000  2.5245747e+000  2.5258364e+000  2.5247524e+000  4.8352146e+000  2.1793734e-001  1.5083353e+000  1.4896969e+000  1.4982447e+000  8.9500910e-001  1.2769904e-001  6.3183054e-002  1.8153622e+000  1.7738371e-001
  9.7625352e-002  2.5372226e+000  2.5258210e+000  2.5135468e+000  2.5243825e+000  2.5259955e+000  2.5246206e+000  4.8363554e+000  2.1797497e-001  1.5100878e+000  1.4849918e+000  1.4964922e+000  8.9822691e-001  1.2770149e-001  6.3165133e-002  1.8153801e+000  1.7712246e-001
  9.7601228e-002  2.5478942e+000  2.5264339e+000  2.5033334e+000  2.5237200e+000  2.5265447e+000  2.5241623e+000  4.8402325e+000  2.1814999e-001  1.5161171e+000  1.4688026e+000  1.4904629e+000  9.0929260e-001  1.2771545e-001  6.3103837e-002  1.8154414e+000  1.7622489e-001
  9.7488692e-002  2.5954710e+000  2.5292010e+000  2.4579013e+000  2.5207318e+000  2.5290312e+000  2.5220177e+000  4.8575220e+000  2.1892182e-001  1.5430539e+000  1.3964396e+000  1.4635261e+000  9.5864129e-001  1.2788105e-001  6.2836900e-002  1.8157087e+000  1.7223799e-001
  9.7263432e-002  2.6816688e+000  2.5343660e+000  2.3760250e+000  2.5151688e+000  2.5337009e+000  2.5176961e+000  4.8888192e+000  2.2031936e-001  1.5920953e+000  1.2645360e+000  1.4144847e+000  1.0481310e+000  1.2860683e-001  6.2381457e-002  1.8161670e+000  1.6507750e-001
  9.6911310e-002  2.7985969e+000  2.5417090e+000  2.2659106e+000  2.5072909e+000  2.5404025e+000  2.5108825e+000  4.9311801e+000  2.2221040e-001  1.6591181e+000  1.0838865e+000  1.3474619e+000  1.1697671e+000  1.3045402e-001  6.1828608e-002  1.8167318e+000  1.5549949e-001
  9.6390676e-002  2.9443736e+000  2.5514710e+000  2.1303028e+000  2.4968682e+000  2.5494215e+000  2.5007136e+000  4.9837259e+000  2.2455506e-001  1.7434901e+000  8.5570770e-001  1.2630899e+000  1.3219888e+000  1.3412021e-001  6.1261031e-002  1.8173362e+000  1.4378888e-001
  9.5648136e-002  3.1157292e+000  2.5639571e+000  1.9735910e+000  2.4836105e+000  2.5611295e+000  2.4860698e+000  5.0448128e+000  2.2727854e-001  1.8438167e+000  5.8292029e-001  1.1627633e+000  1.5021151e+000  1.4033877e-001  6.0800307e-002  1.8178882e+000  1.3036553e-001
  9.4875171e-002  3.2632787e+000  2.5758068e+000  1.8414189e+000  2.4710934e+000  2.5724076e+000  2.4706925e+000  5.0963068e+000  2.2956977e-001  1.9311476e+000  3.4364922e-001  1.0754324e+000  1.6587027e+000  1.4738538e-001  6.0620046e-002  1.8182072e+000  1.1908482e-001
  9.4446390e-002  3.3345025e+000  2.5820272e+000  1.7787746e+000  2.4645441e+000  2.5783886e+000  2.4621129e+000  5.1204371e+000  2.3063783e-001  1.9735628e+000  2.2653731e-001  1.0330172e+000  1.7349835e+000  1.5141024e-001  6.0618385e-002  1.8183028e+000  1.1368165e-001
  9.4138871e-002  3.3811077e+000  2.5863688e+000  1.7383425e+000  2.4599807e+000  2.5825855e+000  2.4559398e+000  5.1357121e+000  2.3130800e-001  2.0013754e+000  1.4926223e-001  1.0052046e+000  1.7852498e+000  1.5432014e-001  6.0652340e-002  1.8183432e+000  1.1010640e-001
  9.3941649e-002  3.4086779e+000  2.5891085e+000  1.7147397e+000  2.4571039e+000  2.5852428e+000  2.4519724e+000  5.1443758e+000  2.3168097e-001  2.0178400e+000  1.0325264e-001  9.8874002e-001  1.8151861e+000  1.5619103e-001  6.0687741e-002  1.8183585e+000  1.0792938e-001
  9.3802095e-002  3.4267201e+000  2.5910287e+000  1.6995087e+000  2.4550887e+000  2.5871089e+000  2.4491612e+000  5.1497576e+000  2.3190520e-001  2.0286245e+000  7.2967306e-002  9.7795550e-001  1.8349121e+000  1.5751524e-001  6.0718602e-002  1.8183648e+000  1.0643872e-001
  9.3701499e-002  3.4386556e+000  2.5924046e+000  1.6896017e+000  2.4536454e+000  2.5884476e+000  2.4471327e+000  5.1530862e+000  2.3203593e-001  2.0357803e+000  5.2795346e-002  9.7079972e-001  1.8480666e+000  1.5846920e-001  6.0743580e-002  1.8183673e+000  1.0538800e-001
  9.3625803e-002  3.4467946e+000  2.5934359e+000  1.6829901e+000  2.4525637e+000  2.5894517e+000  2.4456052e+000  5.1551649e+000  2.3210956e-001  2.0406957e+000  3.8912610e-002  9.6588428e-001  1.8571259e+000  1.5918631e-001  6.0763755e-002  1.8183682e+000  1.0460968e-001
  9.3566758e-002  3.4524497e+000  2.5942383e+000  1.6785272e+000  2.4517223e+000  2.5902334e+000  2.4444131e+000  5.1564475e+000  2.3214696e-001  2.0441609e+000  2.9137817e-002  9.6241910e-001  1.8635009e+000  1.5974499e-001  6.0780237e-002  1.8183683e+000  1.0400948e-001
  9.3507620e-002  3.4573043e+000  2.5950405e+000  1.6748672e+000  2.4508812e+000  2.5910151e+000  2.4432185e+000  5.1573541e+000  2.3216262e-001  2.0472238e+000  2.0557780e-002  9.5935619e-001  1.8690785e+000  1.6030372e-001  6.0797329e-002  1.8183681e+000  1.0341402e-001
  9.3469537e-002  3.4598807e+000  2.5955564e+000  1.6730604e+000  2.4503402e+000  2.5915180e+000  2.4424489e+000  5.1576954e+000  2.3215852e-001  2.0489356e+000  1.5839556e-002  9.5764436e-001  1.8721214e+000  1.6066294e-001  6.0808607e-002  1.8183679e+000  1.0303339e-001
  9.3431438e-002  3.4619559e+000  2.5960723e+000  1.6717553e+000  2.4497993e+000  2.5920208e+000  2.4416788e+000  5.1578254e+000  2.3214412e-001  2.0504240e+000  1.1843339e-002  9.5615605e-001  1.8746644e+000  1.6102174e-001  6.0820069e-002  1.8183675e+000  1.0265465e-001
  9.3398441e-002  3.4633073e+000  2.5965190e+000  1.6710712e+000  2.4493310e+000  2.5924562e+000  2.4410115e+000  5.1577600e+000  2.3212324e-001  2.0515247e+000  9.0146379e-003  9.5505527e-001  1.8764216e+000  1.6133197e-001  6.0830120e-002  1.8183671e+000  1.0232818e-001
  9.3369541e-002  3.4641427e+000  2.5969101e+000  1.6708203e+000  2.4489208e+000  2.5928374e+000  2.4404270e+000  5.1575696e+000  2.3209984e-001  2.0523494e+000  7.0234394e-003  9.5423057e-001  1.8776131e+000  1.6160321e-001  6.0838998e-002  1.8183668e+000  1.0204335e-001
  9.3343365e-002  3.4646299e+000  2.5972644e+000  1.6708627e+000  2.4485493e+000  2.5931828e+000  2.4398974e+000  5.1572979e+000  2.3207549e-001  2.0529932e+000  5.5915802e-003  9.5358679e-001  1.8784233e+000  1.6184846e-001  6.0847089e-002  1.8183665e+000  1.0178620e-001
  9.3318910e-002  3.4648741e+000  2.5975955e+000  1.6711133e+000  2.4482022e+000  2.5935054e+000  2.4394025e+000  5.1569686e+000  2.3205088e-001  2.0535168e+000  4.5418683e-003  9.5306319e-001  1.8789699e+000  1.6207719e-001  6.0854682e-002  1.8183662e+000  1.0154664e-001
  9.3295467e-002  3.4649413e+000  2.5979130e+000  1.6715206e+000  2.4478693e+000  2.5938148e+000  2.4389280e+000  5.1565947e+000  2.3202619e-001  2.0539589e+000  3.7617180e-003  9.5262108e-001  1.8793272e+000  1.6229608e-001  6.0861985e-002  1.8183660e+000  1.0131758e-001
  9.3272495e-002  3.4648738e+000  2.5982242e+000  1.6720532e+000  2.4475429e+000  2.5941181e+000  2.4384630e+000  5.1561825e+000  2.3200138e-001  2.0543454e+000  3.1767388e-003  9.5223456e-001  1.8795445e+000  1.6251019e-001  6.0869158e-002  1.8183657e+000  1.0109365e-001
  9.3249544e-002  3.4646990e+000  2.5985353e+000  1.6726927e+000  2.4472167e+000  2.5944212e+000  2.4379983e+000  5.1557343e+000  2.3197627e-001  2.0546947e+000  2.7359277e-003  9.5188532e-001  1.8796547e+000  1.6272372e-001  6.0876338e-002  1.8183655e+000  1.0087044e-001
  9.3226195e-002  3.4644344e+000  2.5988519e+000  1.6734303e+000  2.4468847e+000  2.5947297e+000  2.4375254e+000  5.1552493e+000  2.3195059e-001  2.0550204e+000  2.4032884e-003  9.5155956e-001  1.8796804e+000  1.6294054e-001  6.0883652e-002  1.8183654e+000  1.0064388e-001
  9.3202024e-002  3.4640898e+000  2.5991798e+000  1.6742645e+000  2.4465408e+000  2.5950492e+000  2.4370357e+000  5.1547236e+000  2.3192394e-001  2.0553338e+000  2.1528319e-003  9.5124618e-001  1.8796369e+000  1.6316455e-001  6.0891232e-002  1.8183652e+000  1.0040986e-001
  9.3176560e-002  3.4636691e+000  2.5995255e+000  1.6752011e+000  2.4461782e+000  2.5953860e+000  2.4365198e+000  5.1541506e+000  2.3189588e-001  2.0556445e+000  1.9654383e-003  9.5093547e-001  1.8795339e+000  1.6340006e-001  6.0899223e-002  1.8183651e+000  1.0016389e-001
  9.3149241e-002  3.4631707e+000  2.5998966e+000  1.6762532e+000  2.4457890e+000  2.5957475e+000  2.4359661e+000  5.1535200e+000  2.3186579e-001  2.0559619e+000  1.8267977e-003  9.5061811e-001  1.8793770e+000  1.6365215e-001  6.0907801e-002  1.8183651e+000  9.9900643e-002
  9.3119354e-002  3.4625870e+000  2.6003028e+000  1.6774428e+000  2.4453628e+000  2.5961433e+000  2.4353602e+000  5.1528171e+000  2.3183290e-001  2.0562958e+000  1.7260075e-003  9.5028417e-001  1.8791675e+000  1.6392724e-001  6.0917188e-002  1.8183650e+000  9.9613412e-002
  9.3085946e-002  3.4619033e+000  2.6007573e+000  1.6788039e+000  2.4448860e+000  2.5965860e+000  2.4346828e+000  5.1520205e+000  2.3179616e-001  2.0566581e+000  1.6545882e-003  9.4992194e-001  1.8789031e+000  1.6423391e-001  6.0927684e-002  1.8183651e+000  9.9293254e-002
  9.3047659e-002  3.4610949e+000  2.6012787e+000  1.6803890e+000  2.4443390e+000  2.5970937e+000  2.4339061e+000  5.1510986e+000  2.3175406e-001  2.0570638e+000  1.6057781e-003  9.4951618e-001  1.8785763e+000  1.6458425e-001  6.0939712e-002  1.8183653e+000  9.8927537e-002
  9.3002445e-002  3.4601206e+000  2.6018950e+000  1.6822808e+000  2.4436922e+000  2.5976940e+000  2.4329886e+000  5.1500021e+000  2.3170433e-001  2.0575348e+000  1.5740230e-003  9.4904515e-001  1.8781725e+000  1.6499648e-001  6.0953916e-002  1.8183656e+000  9.8497273e-002
  9.2946963e-002  3.4589105e+000  2.6026524e+000  1.6846173e+000  2.4428974e+000  2.5984315e+000  2.4318622e+000  5.1486497e+000  2.3164323e-001  2.0581053e+000  1.5546053e-003  9.4847467e-001  1.8776646e+000  1.6550008e-001  6.0971340e-002  1.8183662e+000  9.7971699e-002
  9.2875219e-002  3.4573356e+000  2.6036335e+000  1.6876497e+000  2.4418677e+000  2.5993866e+000  2.4304047e+000  5.1468941e+000  2.3156410e-001  2.0588351e+000  1.5433743e-003  9.4774488e-001  1.8770016e+000  1.6614767e-001  6.0993859e-002  1.8183674e+000  9.7295978e-002
  9.2774910e-002  3.4551275e+000  2.6050083e+000  1.6918971e+000  2.4404243e+000  2.6007248e+000  2.4283654e+000  5.1444305e+000  2.3145318e-001  2.0598447e+000  1.5365226e-003  9.4673528e-001  1.8760758e+000  1.6704629e-001  6.1025314e-002  1.8183697e+000  9.6358576e-002
  9.2615111e-002  3.4516081e+000  2.6072063e+000  1.6986694e+000  2.4381158e+000  2.6028635e+000  2.4251125e+000  5.1404884e+000  2.3127575e-001  2.0614313e+000  1.5302155e-003  9.4514870e-001  1.8746162e+000  1.6846172e-001  6.1075325e-002  1.8183749e+000  9.4882862e-002
  9.2286019e-002  3.4443655e+000  2.6117634e+000  1.7126264e+000  2.4333266e+000  2.6072947e+000  2.4183981e+000  5.1323059e+000  2.3090748e-001  2.0646189e+000  1.5187807e-003  9.4196110e-001  1.8716805e+000  1.7131556e-001  6.1177785e-002  1.8183919e+000  9.1911459e-002
  9.1304213e-002  3.4228068e+000  2.6256101e+000  1.7543439e+000  2.4187486e+000  2.6207347e+000  2.3982394e+000  5.1073749e+000  2.2978546e-001  2.0735077e+000  1.4852679e-003  9.3307231e-001  1.8634648e+000  1.7936915e-001  6.1476389e-002  1.8184938e+000  8.3574794e-002
  9.0120175e-002  3.3968970e+000  2.6428378e+000  1.8048282e+000  2.4005564e+000  2.6374065e+000  2.3736648e+000  5.0762299e+000  2.2838387e-001  2.0830208e+000  1.4462007e-003  9.2355921e-001  1.8545654e+000  1.8823886e-001  6.1814115e-002  1.8187236e+000  7.4545706e-002
  8.8819414e-002  3.3685329e+000  2.6624845e+000  1.8605419e+000  2.3797366e+000  2.6563520e+000  2.3463152e+000  5.0405739e+000  2.2677937e-001  2.0920221e+000  1.4047651e-003  9.1455793e-001  1.8459459e+000  1.9703664e-001  6.2144444e-002  1.8191191e+000  6.5852735e-002
  8.7484916e-002  3.3395247e+000  2.6834990e+000  1.9180198e+000  2.3573818e+000  2.6765386e+000  2.3178455e+000  5.0023109e+000  2.2505766e-001  2.0997718e+000  1.3637578e-003  9.0680824e-001  1.8382485e+000  2.0514737e-001  6.2426529e-002  1.8196909e+000  5.8182304e-002
  8.6132285e-002  3.3101981e+000  2.7057790e+000  1.9766618e+000  2.3335849e+000  2.6978548e+000  2.2885302e+000  4.9616430e+000  2.2322783e-001  2.1061987e+000  1.3236223e-003  9.0038126e-001  1.8315289e+000  2.1252473e-001  6.2642253e-002  1.8204543e+000  5.1596237e-002
  8.4777966e-002  3.2808905e+000  2.7291871e+000  2.0358247e+000  2.3084777e+000  2.7201579e+000  2.2586748e+000  4.9188428e+000  2.2130215e-001  2.1113059e+000  1.2847822e-003  8.9527410e-001  1.8258065e+000  2.1914743e-001  6.2777312e-002  1.8214175e+000  4.6092705e-002
  8.3425679e-002  3.2516604e+000  2.7537929e+000  2.0954163e+000  2.2819705e+000  2.7435036e+000  2.2283133e+000  4.8738085e+000  2.1927603e-001  2.1151937e+000  1.2472511e-003  8.9138626e-001  1.8210249e+000  2.2507132e-001  6.2822416e-002  1.8225930e+000  4.1575441e-002
  8.2079937e-002  3.2225816e+000  2.7796630e+000  2.1553139e+000  2.2539740e+000  2.7679456e+000  2.1974945e+000  4.8264440e+000  2.1714514e-001  2.1179721e+000  1.2110568e-003  8.8860789e-001  1.8171322e+000  2.3034566e-001  6.2770332e-002  1.8239924e+000  3.7940377e-002
  8.0743197e-002  3.1936815e+000  2.8069205e+000  2.2154923e+000  2.2243357e+000  2.7935907e+000  2.1662162e+000  4.7765511e+000  2.1490057e-001  2.1197606e+000  1.1761586e-003  8.8681943e-001  1.8140728e+000  2.3502507e-001  6.2615743e-002  1.8256289e+000  3.5073242e-002
  7.9418498e-002  3.1649983e+000  2.8357028e+000  2.2759098e+000  2.1928833e+000  2.8205597e+000  2.1344819e+000  4.7239044e+000  2.1253215e-001  2.1206757e+000  1.1425217e-003  8.8590434e-001  1.8117969e+000  2.3915830e-001  6.2355073e-002  1.8275165e+000  3.2863226e-002
  7.8108983e-002  3.1365703e+000  2.8661785e+000  2.3365323e+000  2.1594054e+000  2.8490035e+000  2.1022874e+000  4.6682208e+000  2.1002716e-001  2.1208294e+000  1.1100994e-003  8.8575060e-001  1.8102582e+000  2.4279140e-001  6.1986539e-002  1.8296707e+000  3.1204387e-002
  7.6818522e-002  3.1084490e+000  2.8985415e+000  2.3973076e+000  2.1236563e+000  2.8790987e+000  2.0696334e+000  4.6091683e+000  2.0737066e-001  2.1203272e+000  1.0788467e-003  8.8625277e-001  1.8094137e+000  2.4596701e-001  6.1510445e-002  1.8321081e+000  2.9998724e-002
  7.5551795e-002  3.0807002e+000  2.9330187e+000  2.4581647e+000  2.0853456e+000  2.9110564e+000  2.0365251e+000  4.5463502e+000  2.0454479e-001  2.1192679e+000  1.0487173e-003  8.8731210e-001  1.8092219e+000  2.4872567e-001  6.0929507e-002  1.8348473e+000  2.9157412e-002
  7.4314543e-002  3.0534092e+000  2.9698751e+000  2.5190064e+000  2.0441290e+000  2.9451300e+000  2.0029744e+000  4.4792913e+000  2.0152819e-001  2.1177442e+000  1.0196641e-003  8.8883584e-001  1.8096409e+000  2.5110649e-001  6.0249294e-002  1.8379094e+000  2.8601842e-002
  7.3113809e-002  3.0266858e+000  3.0094227e+000  2.5797020e+000  1.9995953e+000  2.9816280e+000  1.9690022e+000  4.4074160e+000  1.9829493e-001  2.1158449e+000  9.9163940e-004  8.9073515e-001  1.8106260e+000  2.5314792e-001  5.9478707e-002  1.8413190e+000  2.8264240e-002
  7.1958262e-002  3.0006709e+000  3.0520307e+000  2.6400788e+000  1.9512481e+000  3.0209313e+000  1.9346403e+000  4.3300177e+000  1.9481324e-001  2.1136589e+000  9.6459486e-004  8.9292115e-001  1.8121267e+000  2.5488817e-001  5.8630472e-002  1.8451062e+000  2.8087958e-002
  7.0855779e-002  2.9754807e+000  3.0982649e+000  2.7000669e+000  1.8983366e+000  3.0636360e+000  1.8998423e+000  4.2459850e+000  1.9103312e-001  2.1112754e+000  9.3841314e-004  8.9530462e-001  1.8140869e+000  2.5636896e-001  5.7719143e-002  1.8493211e+000  2.8027391e-002
  6.9813958e-002  2.9512122e+000  3.1490144e+000  2.7597310e+000  1.8396863e+000  3.1106983e+000  1.8644468e+000  4.1535310e+000  1.8687418e-001  2.1087928e+000  9.1289398e-004  8.9778717e-001  1.8164451e+000  2.5763355e-001  5.6760060e-002  1.8540502e+000  2.8048603e-002
  6.8851225e-002  2.9281981e+000  3.2050985e+000  2.8186906e+000  1.7741176e+000  3.1631244e+000  1.8285013e+000  4.0508265e+000  1.8225411e-001  2.1063671e+000  8.8798571e-004  9.0021293e-001  1.8190977e+000  2.5871402e-001  5.5778919e-002  1.8593875e+000  2.8128220e-002
  6.7991890e-002  2.9069033e+000  3.2675210e+000  2.8764046e+000  1.7000993e+000  3.2223107e+000  1.7920821e+000  3.9353739e+000  1.7706057e-001  2.1042451e+000  8.6363197e-004  9.0233490e-001  1.8218772e+000  2.5963832e-001  5.4807665e-002  1.8654721e+000  2.8251975e-002
  6.7268079e-002  2.8879853e+000  3.3374947e+000  2.9321097e+000  1.6156075e+000  3.2902863e+000  1.7552951e+000  3.8036133e+000  1.7113338e-001  2.1028543e+000  8.3976328e-004  9.0372575e-001  1.8244965e+000  2.6042249e-001  5.3884011e-002  1.8725208e+000  2.8414944e-002
  6.6721419e-002  2.8723707e+000  3.4165457e+000  2.9848188e+000  1.5177464e+000  3.3703316e+000  1.7182005e+000  3.6498927e+000  1.6421827e-001  2.1029985e+000  8.1623660e-004  9.0358151e-001  1.8264283e+000  2.6105331e-001  5.3048456e-002  1.8809098e+000  2.8623274e-002
  6.6406854e-002  2.8614519e+000  3.5067258e+000  3.0333472e+000  1.4017797e+000  3.4686518e+000  1.6805909e+000  3.4636857e+000  1.5584164e-001  2.1063950e+000  7.9268092e-004  9.0018500e-001  1.8265816e+000  2.6144106e-001  5.2339383e-002  1.8913865e+000  2.8901013e-002
  6.6374235e-002  2.8578731e+000  3.5837160e+000  3.0661905e+000  1.2969842e+000  3.5632310e+000  1.6513263e+000  3.2878185e+000  1.4793000e-001  2.1136781e+000  7.7431234e-004  8.9290189e-001  1.8239216e+000  2.6138820e-001  5.1910779e-002  1.9016924e+000  2.9195329e-002
  6.6531142e-002  2.8599844e+000  3.6572769e+000  3.0913467e+000  1.1873851e+000  3.6722659e+000  1.6240589e+000  3.0896525e+000  1.3901502e-001  2.1277693e+000  7.5703541e-004  8.7881068e-001  1.8169338e+000  2.6073888e-001  5.1619485e-002  1.9138877e+000  2.9575758e-002
  6.6766771e-002  2.8666536e+000  3.7097977e+000  3.1062013e+000  1.0953680e+000  3.7780609e+000  1.6025351e+000  2.9026342e+000  1.3060133e-001  2.1480660e+000  7.4324611e-004  8.5851399e-001  1.8057235e+000  2.5942660e-001  5.1462807e-002  1.9260138e+000  2.9996057e-002
  6.6977897e-002  2.8760494e+000  3.7405178e+000  3.1142929e+000  1.0221401e+000  3.8793259e+000  1.5850477e+000  2.7288527e+000  1.2278295e-001  2.1741903e+000  7.3212863e-004  8.3238972e-001  1.7907077e+000  2.5749175e-001  5.1372175e-002  1.9377952e+000  3.0454038e-002
  6.7108433e-002  2.8873541e+000  3.7512795e+000  3.1181472e+000  9.6507821e-001  3.9777240e+000  1.5698886e+000  2.5650735e+000  1.1541435e-001  2.2061872e+000  7.2289369e-004  8.0039280e-001  1.7721291e+000  2.5496768e-001  5.1307158e-002  1.9492518e+000  3.0959537e-002
  6.7126906e-002  2.9004901e+000  3.7438291e+000  3.1191279e+000  9.2108084e-001  4.0752827e+000  1.5557720e+000  2.4076586e+000  1.0833189e-001  2.2444451e+000  7.1506684e-004  7.6213489e-001  1.7500755e+000  2.5187061e-001  5.1247966e-002  1.9604122e+000  3.1529106e-002
  6.7012313e-002  2.9158149e+000  3.7194904e+000  3.1178820e+000  8.8722599e-001  4.1735155e+000  1.5416931e+000  2.2540343e+000  1.0141980e-001  2.2893947e+000  7.0844484e-004  7.1718535e-001  1.7246906e+000  2.4822642e-001  5.1186604e-002  1.9711937e+000  3.2184157e-002
  6.6752484e-002  2.9338328e+000  3.6797378e+000  3.1147022e+000  8.6080876e-001  4.2725906e+000  1.5268550e+000  2.1038149e+000  9.4660754e-002  2.3408528e+000  7.0304409e-004  6.6572717e-001  1.6965654e+000  2.4412855e-001  5.1123140e-002  1.9813060e+000  3.2946715e-002
  6.6393671e-002  2.9527871e+000  3.6323388e+000  3.1103301e+000  8.4115328e-001  4.3619050e+000  1.5122728e+000  1.9722288e+000  8.8739960e-002  2.3919801e+000  6.9930668e-004  6.1459991e-001  1.6697691e+000  2.4018791e-001  5.1068862e-002  1.9895019e+000  3.3748310e-002
  6.5986512e-002  2.9718743e+000  3.5828617e+000  3.1053965e+000  8.2554816e-001  4.4398760e+000  1.4981192e+000  1.8601561e+000  8.3697100e-002  2.4397576e+000  6.9697536e-004  5.6682242e-001  1.6458677e+000  2.3665406e-001  5.1029160e-002  1.9957591e+000  3.4562927e-002
  6.5561647e-002  2.9907910e+000  3.5337924e+000  3.1002496e+000  8.1218245e-001  4.5079554e+000  1.4843494e+000  1.7643654e+000  7.9386819e-002  2.4834419e+000  6.9569178e-004  5.2313810e-001  1.6250354e+000  2.3356517e-001  5.1004897e-002  2.0004283e+000  3.5388593e-002
  6.5134568e-002  3.0094272e+000  3.4859889e+000  3.0950589e+000  8.0010813e-001  4.5679972e+000  1.4709038e+000  1.6814885e+000  7.5657588e-002  2.5231657e+000  6.9517142e-004  4.8341428e-001  1.6069654e+000  2.3088242e-001  5.0994899e-002  2.0038714e+000  3.6231680e-002
  6.4713100e-002  3.0277251e+000  3.4396889e+000  3.0899077e+000  7.8885506e-001  4.6215247e+000  1.4577572e+000  1.6089272e+000  7.2392511e-002  2.5592775e+000  6.9521139e-004  4.4730253e-001  1.5912667e+000  2.2855109e-001  5.0997373e-002  2.0063775e+000  3.7099947e-002
  6.4301158e-002  3.0456492e+000  3.3948930e+000  3.0848360e+000  7.7818094e-001  4.6697169e+000  1.4449048e+000  1.5447476e+000  6.9504576e-002  2.5921583e+000  6.9566695e-004  4.1442171e-001  1.5775688e+000  2.2651770e-001  5.1010444e-002  2.0081663e+000  3.8001000e-002
  6.3900725e-002  3.0631732e+000  3.3515283e+000  3.0798633e+000  7.6795471e-001  4.7134711e+000  1.4323535e+000  1.4875148e+000  6.6929223e-002  2.6221565e+000  6.9643235e-004  3.8442347e-001  1.5655515e+000  2.2473539e-001  5.1032364e-002  2.0094038e+000  3.8941758e-002
  6.3512714e-002  3.0802792e+000  3.3094984e+000  3.0749980e+000  7.5809901e-001  4.7534842e+000  1.4201128e+000  1.4361359e+000  6.4617280e-002  2.6495800e+000  6.9742812e-004  3.5700001e-001  1.5549445e+000  2.2316421e-001  5.1061568e-002  2.0102156e+000  3.9928577e-002
  6.3137413e-002  3.0969574e+000  3.2687027e+000  3.0702423e+000  7.4856348e-001  4.7903080e+000  1.4081903e+000  1.3897579e+000  6.2530362e-002  2.6746973e+000  6.9859298e-004  3.3188270e-001  1.5455208e+000  2.2177050e-001  5.1096696e-002  2.0106980e+000  4.0967382e-002
  6.2774718e-002  3.1132056e+000  3.2290417e+000  3.0655952e+000  7.3931136e-001  4.8243896e+000  1.3965892e+000  1.3476981e+000  6.0637753e-002  2.6977433e+000  6.9987902e-004  3.0883667e-001  1.5370903e+000  2.2052592e-001  5.1136578e-002  2.0109248e+000  4.2063851e-002
  6.2424272e-002  3.1290286e+000  3.1904175e+000  3.0610532e+000  7.3031290e-001  4.8560979e+000  1.3853081e+000  1.3093996e+000  5.8914398e-002  2.7189238e+000  7.0124802e-004  2.8765616e-001  1.5294929e+000  2.1940661e-001  5.1180225e-002  2.0109529e+000  4.3223538e-002
  6.2085543e-002  3.1444373e+000  3.1527338e+000  3.0566118e+000  7.2154201e-001  4.8857418e+000  1.3743410e+000  1.2744003e+000  5.7339499e-002  2.7384197e+000  7.0266926e-004  2.6816027e-001  1.5225935e+000  2.1839239e-001  5.1226802e-002  2.0108265e+000  4.4451987e-002
  6.1757889e-002  3.1594473e+000  3.1158950e+000  3.0522651e+000  7.1297450e-001  4.9135844e+000  1.3636775e+000  1.2423119e+000  5.5895586e-002  2.7563904e+000  7.0411782e-004  2.5018957e-001  1.5162774e+000  2.1746617e-001  5.1275613e-002  2.0105794e+000  4.5754815e-002
  6.1440589e-002  3.1740788e+000  3.0798060e+000  3.0480070e+000  7.0458706e-001  4.9398517e+000  1.3533043e+000  1.2128049e+000  5.4567832e-002  2.7729768e+000  7.0557336e-004  2.3360316e-001  1.5104468e+000  2.1661332e-001  5.1326080e-002  2.0102379e+000  4.7137778e-002
  6.1132873e-002  3.1883548e+000  3.0443709e+000  3.0438304e+000  6.9635678e-001  4.9647406e+000  1.3432048e+000  1.1855972e+000  5.3343544e-002  2.7883037e+000  7.0701913e-004  2.1827632e-001  1.5050175e+000  2.1582130e-001  5.1377724e-002  2.0098220e+000  4.8606816e-002
  6.0833937e-002  3.2023014e+000  3.0094927e+000  3.0397279e+000  6.8826071e-001  4.9884242e+000  1.3333607e+000  1.1604458e+000  5.2211785e-002  2.8024816e+000  7.0844124e-004  2.0409841e-001  1.4999162e+000  2.1507921e-001  5.1430151e-002  2.0093473e+000  5.0168089e-002
  6.0542956e-002  3.2159467e+000  2.9750723e+000  3.0356916e+000  6.8027562e-001  5.0110562e+000  1.3237517e+000  1.1371402e+000  5.1163087e-002  2.8156089e+000  7.0982811e-004  1.9097108e-001  1.4950789e+000  2.1437753e-001  5.1483036e-002  2.0088251e+000  5.1827998e-002
  6.0259086e-002  3.2293209e+000  2.9410079e+000  3.0317129e+000  6.7237766e-001  5.0327752e+000  1.3143562e+000  1.1154972e+000  5.0189203e-002  2.8277733e+000  7.1116999e-004  1.7880672e-001  1.4904485e+000  2.1370778e-001  5.1536115e-002  2.0082641e+000  5.3593193e-002
  5.9981470e-002  3.2424561e+000  2.9071933e+000  3.0277828e+000  6.6454215e-001  5.0537068e+000  1.3051511e+000  1.0953569e+000  4.9282938e-002  2.8390528e+000  7.1245863e-004  1.6752715e-001  1.4859737e+000  2.1306236e-001  5.1589169e-002  2.0076704e+000  5.5470569e-002
  5.9709231e-002  3.2553860e+000  2.8735172e+000  3.0238916e+000  6.5674323e-001  5.0739669e+000  1.2961124e+000  1.0765791e+000  4.8437986e-002  2.8495175e+000  7.1368691e-004  1.5706246e-001  1.4816073e+000  2.1243431e-001  5.1642024e-002  2.0070481e+000  5.7467243e-002
  5.9441473e-002  3.2681467e+000  2.8398609e+000  3.0200284e+000  6.4895348e-001  5.0936638e+000  1.2872149e+000  1.0590409e+000  4.7648814e-002  2.8592300e+000  7.1484872e-004  1.4734995e-001  1.4773054e+000  2.1181712e-001  5.1694537e-002  2.0063995e+000  5.9590521e-002
  5.9177267e-002  3.2807764e+000  2.8060972e+000  3.0161818e+000  6.4114346e-001  5.1128999e+000  1.2784318e+000  1.0426341e+000  4.6910560e-002  2.8682467e+000  7.1593868e-004  1.3833335e-001  1.4730259e+000  2.1120461e-001  5.1746591e-002  2.0057256e+000  6.1847836e-002
  5.8915644e-002  3.2933163e+000  2.7720872e+000  3.0123386e+000  6.3328120e-001  5.1317740e+000  1.2697351e+000  1.0272640e+000  4.6218952e-002  2.8766181e+000  7.1695198e-004  1.2996194e-001  1.4687279e+000  2.1059076e-001  5.1798097e-002  2.0050259e+000  6.4246662e-002
  5.8655580e-002  3.3058110e+000  2.7376778e+000  3.0084844e+000  6.2533145e-001  5.1503829e+000  1.2610946e+000  1.0128472e+000  4.5570240e-002  2.8843901e+000  7.1788436e-004  1.2218995e-001  1.4643703e+000  2.0996953e-001  5.1848980e-002  2.0042990e+000  6.6794405e-002
  5.8395975e-002  3.3183095e+000  2.7026977e+000  3.0046026e+000  6.1725490e-001  5.1688233e+000  1.2524780e+000  9.9931068e-001  4.4961145e-002  2.8916040e+000  7.1873184e-004  1.1497599e-001  1.4599111e+000  2.0933477e-001  5.1899187e-002  2.0035418e+000  6.9498236e-002
  5.8135626e-002  3.3308666e+000  2.6669521e+000  3.0006739e+000  6.0900693e-001  5.1871939e+000  1.2438495e+000  9.8659116e-001  4.4388813e-002  2.8982975e+000  7.1949082e-004  1.0828254e-001  1.4553062e+000  2.0867999e-001  5.1948679e-002  2.0027501e+000  7.2364885e-002
  5.7873198e-002  3.3435445e+000  2.6302168e+000  2.9966761e+000  6.0053624e-001  5.2055975e+000  1.2351694e+000  9.7463389e-001  4.3850783e-002  2.9045045e+000  7.2015790e-004  1.0207552e-001  1.4505080e+000  2.0799823e-001  5.1997433e-002  2.0019182e+000  7.5400360e-002
  5.7607170e-002  3.3564153e+000  2.5922290e+000  2.9925822e+000  5.9178282e-001  5.2241434e+000  1.2263925e+000  9.6339239e-001  4.3344961e-002  2.9102560e+000  7.2072986e-004  9.6324047e-002  1.4454639e+000  2.0728180e-001  5.2045446e-002  2.0010385e+000  7.8609547e-002
  5.7335779e-002  3.3695640e+000  2.5526753e+000  2.9883599e+000  5.8267524e-001  5.2429510e+000  1.2174661e+000  9.5282791e-001  4.2869604e-002  2.9155799e+000  7.2120367e-004  9.1000102e-002  1.4401145e+000  2.0652199e-001  5.2092736e-002  2.0001014e+000  8.1995707e-002
  5.7056919e-002  3.3830937e+000  2.5111744e+000  2.9839689e+000  5.7312671e-001  5.2621538e+000  1.2083274e+000  9.4290928e-001  4.2423311e-002  2.9205016e+000  7.2157659e-004  8.6078439e-002  1.4343909e+000  2.0570874e-001  5.2139357e-002  1.9990944e+000  8.5559753e-002
  5.6768012e-002  3.3971328e+000  2.4672529e+000  2.9793583e+000  5.6302962e-001  5.2819045e+000  1.1988989e+000  9.3361297e-001  4.2005022e-002  2.9250434e+000  7.2184601e-004  8.1536596e-002  1.4282112e+000  2.0483010e-001  5.2185412e-002  1.9980010e+000  8.9299171e-002
  5.6470199e-002  3.4116317e+000  2.4209963e+000  2.9745334e+000  5.5240531e-001  5.3020869e+000  1.1892248e+000  9.2504240e-001  4.1619391e-002  2.9291676e+000  7.2200827e-004  7.7412350e-002  1.4215751e+000  2.0388565e-001  5.2230435e-002  1.9968178e+000  9.3150627e-002
  5.6165785e-002  3.4264865e+000  2.3727086e+000  2.9695181e+000  5.4132522e-001  5.3224930e+000  1.1793854e+000  9.1730151e-001  4.1271095e-002  2.9328407e+000  7.2206658e-004  7.3739343e-002  1.4145224e+000  2.0288079e-001  5.2273934e-002  1.9955468e+000  9.7021690e-002
  5.5851698e-002  3.4418590e+000  2.3218679e+000  2.9642464e+000  5.2967158e-001  5.3432555e+000  1.1692845e+000  9.1033891e-001  4.0957814e-002  2.9361038e+000  7.2203166e-004  7.0476181e-002  1.4069816e+000  2.0180502e-001  5.2316336e-002  1.9941680e+000  1.0087637e-001
  5.5523895e-002  3.4579663e+000  2.2677803e+000  2.9586293e+000  5.1728799e-001  5.3645318e+000  1.1587944e+000  9.0410856e-001  4.0677484e-002  2.9389928e+000  7.2191607e-004  6.7587222e-002  1.3988598e+000  2.0064484e-001  5.2358269e-002  1.9926547e+000  1.0467484e-001
  5.5176555e-002  3.4751244e+000  2.2094422e+000  2.9525371e+000  5.0394852e-001  5.3865310e+000  1.1477285e+000  8.9856717e-001  4.0428155e-002  2.9415391e+000  7.2173595e-004  6.5040861e-002  1.3900232e+000  1.9938095e-001  5.2400705e-002  1.9909689e+000  1.0837314e-001
  5.4801954e-002  3.4937637e+000  2.1455161e+000  2.9457901e+000  4.8935299e-001  5.4094762e+000  1.1358362e+000  8.9368982e-001  4.0208705e-002  2.9437626e+000  7.2151411e-004  6.2817420e-002  1.3802965e+000  1.9798801e-001  5.2445065e-002  1.9890591e+000  1.1190993e-001
  5.4389074e-002  3.5145151e+000  2.0741098e+000  2.9381212e+000  4.7307809e-001  5.4336041e+000  1.1227537e+000  8.8947052e-001  4.0018863e-002  2.9456698e+000  7.2128730e-004  6.0910229e-002  1.3694338e+000  1.9643070e-001  5.2493600e-002  1.9868512e+000  1.1519800e-001
  5.3921540e-002  3.5383491e+000  1.9924690e+000  2.9291129e+000  4.5451002e-001  5.4591074e+000  1.1079280e+000  8.8593113e-001  3.9859616e-002  2.9472482e+000  7.2112164e-004  5.9331766e-002  1.3570817e+000  1.9465829e-001  5.2550128e-002  1.9842359e+000  1.1810518e-001
  5.3373936e-002  3.5668451e+000  1.8964892e+000  2.9180734e+000  4.3273929e-001  5.4859411e+000  1.0904716e+000  8.8313657e-001  3.9733883e-002  2.9484550e+000  7.2114860e-004  5.8125033e-002  1.3427199e+000  1.9259629e-001  5.2621618e-002  1.9810462e+000  1.2042139e-001
  5.2707420e-002  3.6026136e+000  1.7804116e+000  2.9038284e+000  4.0650324e-001  5.5131142e+000  1.0689480e+000  8.8122305e-001  3.9647796e-002  2.9491949e+000  7.2165115e-004  5.7385121e-002  1.3256299e+000  1.9014222e-001  5.2721565e-002  1.9770344e+000  1.2180426e-001
  5.1876823e-002  3.6493405e+000  1.6392975e+000  2.8846269e+000  3.7476445e-001  5.5364639e+000  1.0414226e+000  8.8040875e-001  3.9611175e-002  2.9493067e+000  7.2322925e-004  5.7273303e-002  1.3052158e+000  1.8721242e-001  5.2874916e-002  1.9719332e+000  1.2176333e-001
  5.0889555e-002  3.7088924e+000  1.4806882e+000  2.8592926e+000  3.3932949e-001  5.5453480e+000  1.0072050e+000  8.8079060e-001  3.9628377e-002  2.9486858e+000  7.2679389e-004  5.7894219e-002  1.2824215e+000  1.8394606e-001  5.3112449e-002  1.9658520e+000  1.2003108e-001
  4.9827245e-002  3.7790674e+000  1.3259504e+000  2.8283760e+000  3.0504580e-001  5.5269888e+000  9.6794663e-001  8.8195751e-001  3.9680908e-002  2.9475334e+000  7.3298072e-004  5.9046595e-002  1.2595704e+000  1.8068009e-001  5.3450895e-002  1.9593768e+000  1.1717671e-001
  4.8713442e-002  3.8606318e+000  1.1855160e+000  2.7912619e+000  2.7421295e-001  5.4709626e+000  9.2349631e-001  8.8328607e-001  3.9740720e-002  2.9461624e+000  7.4222028e-004  6.0417589e-002  1.2369466e+000  1.7745758e-001  5.3910967e-002  1.9526406e+000  1.1396363e-001
  4.7626356e-002  3.9491068e+000  1.0718119e+000  2.7497723e+000  2.4947782e-001  5.3737041e+000  8.7651089e-001  8.8411450e-001  3.9778027e-002  2.9449163e+000  7.5386380e-004  6.1663691e-002  1.2152827e+000  1.7438279e-001  5.4472265e-002  1.9459467e+000  1.1109338e-001
  4.6607929e-002  4.0404863e+000  9.8620388e-001  2.7057352e+000  2.3101772e-001  5.2364779e+000  8.2916844e-001  8.8393139e-001  3.9769816e-002  2.9439822e+000  7.6671072e-004  6.2597801e-002  1.1941768e+000  1.7139567e-001  5.5098574e-002  1.9392784e+000  1.0883844e-001
  4.5678802e-002  4.1313214e+000  9.2489041e-001  2.6608471e+000  2.1790695e-001  5.0603937e+000  7.8322155e-001  8.8227815e-001  3.9695453e-002  2.9434276e+000  7.7924440e-004  6.3152414e-002  1.1726649e+000  1.6835504e-001  5.5744026e-002  1.9324389e+000  1.0722388e-001
  4.4864089e-002  4.2169679e+000  8.8334650e-001  2.6175677e+000  2.0908011e-001  4.8466984e+000  7.4085434e-001  8.7862970e-001  3.9531303e-002  2.9432751e+000  7.8936256e-004  6.3304891e-002  1.1497329e+000  1.6511144e-001  5.6338976e-002  1.9252216e+000  1.0621609e-001
  4.4198000e-002  4.2910719e+000  8.5681721e-001  2.5794864e+000  2.0341540e-001  4.5988830e+000  7.0483174e-001  8.7241108e-001  3.9251514e-002  2.9435214e+000  7.9426855e-004  6.3058598e-002  1.1244603e+000  1.6152725e-001  5.6781543e-002  1.9174648e+000  1.0576987e-001
  4.3700868e-002  4.3482737e+000  8.3943066e-001  2.5499472e+000  1.9952571e-001  4.3131379e+000  6.7716919e-001  8.6272070e-001  3.8815513e-002  2.9441594e+000  7.9058831e-004  6.2420603e-002  1.0949303e+000  1.5732139e-001  5.6949094e-002  1.9087162e+000  1.0582887e-001
  4.3410806e-002  4.3808046e+000  8.2472943e-001  2.5337564e+000  1.9582972e-001  3.9773587e+000  6.6082899e-001  8.4794891e-001  3.8150791e-002  2.9452208e+000  7.7313237e-004  6.1359217e-002  1.0577223e+000  1.5199445e-001  5.6649528e-002  1.8980848e+000  1.0637502e-001
  4.3393582e-002  4.3781703e+000  8.0781470e-001  2.5368828e+000  1.9119965e-001  3.6401164e+000  6.6033693e-001  8.2942394e-001  3.7317180e-002  2.9465095e+000  7.4133326e-004  6.0070508e-002  1.0159102e+000  1.4597904e-001  5.5784345e-002  1.8863515e+000  1.0722428e-001
  4.3592102e-002  4.3472066e+000  7.8624758e-001  2.5553493e+000  1.8526956e-001  3.3384755e+000  6.7283404e-001  8.0979491e-001  3.6434102e-002  2.9477731e+000  7.0147940e-004  5.8806875e-002  9.7349894e-001  1.3985627e-001  5.4531527e-002  1.8742963e+000  1.0806852e-001
  4.3930082e-002  4.2983100e+000  7.6011723e-001  2.5831218e+000  1.7820780e-001  3.0720245e+000  6.9395824e-001  7.9014968e-001  3.5550100e-002  2.9489105e+000  6.5834273e-004  5.7669528e-002  9.3140216e-001  1.3376619e-001  5.3064279e-002  1.8618481e+000  1.0871659e-001
  4.4367886e-002  4.2373403e+000  7.3019176e-001  2.6167252e+000  1.7025372e-001  2.8313706e+000  7.2132448e-001  7.7060430e-001  3.4670518e-002  2.9499145e+000  6.1399035e-004  5.6665507e-002  8.8931063e-001  1.2766985e-001  5.1465508e-002  1.8486737e+000  1.0909427e-001
  4.4877220e-002  4.1688046e+000  6.9809427e-001  2.6534718e+000  1.6183132e-001  2.6142356e+000  7.5311361e-001  7.5147630e-001  3.3809899e-002  2.9507784e+000  5.7042428e-004  5.5801648e-002  8.4788784e-001  1.2166679e-001  4.9813025e-002  1.8348037e+000  1.0917045e-001
  4.5439680e-002  4.0957567e+000  6.6531573e-001  2.6915674e+000  1.5331036e-001  2.4184235e+000  7.8806592e-001  7.3294484e-001  3.2976174e-002  2.9515140e+000  5.2885260e-004  5.5066033e-002  8.0768439e-001  1.1583891e-001  4.8158200e-002  1.8203289e+000  1.0895931e-001
  4.6039547e-002  4.0206999e+000  6.3321021e-001  2.7296085e+000  1.4501987e-001  2.2430603e+000  8.2508164e-001  7.1521209e-001  3.2178298e-002  2.9521351e+000  4.9017175e-004  5.4444858e-002  7.6936125e-001  1.1028320e-001  4.6543903e-002  1.8054677e+000  1.0849877e-001
  4.6675665e-002  3.9441304e+000  6.0220317e-001  2.7672848e+000  1.3705109e-001  2.0844643e+000  8.6397478e-001  6.9813856e-001  3.1409926e-002  2.9526666e+000  4.5422696e-004  5.3913354e-002  7.3277792e-001  1.0497995e-001  4.4972188e-002  1.7901935e+000  1.0782522e-001
  4.7352889e-002  3.8658381e+000  5.7238524e-001  2.8046222e+000  1.2941486e-001  1.9394042e+000  9.0492962e-001  6.8152939e-001  3.0662723e-002  2.9531238e+000  4.2068302e-004  5.3456156e-002  6.9766861e-001  9.9890891e-002  4.3435105e-002  1.7744133e+000  1.0695623e-001
  4.8080279e-002  3.7852219e+000  5.4368586e-001  2.8417981e+000  1.2208519e-001  1.8052569e+000  9.4837008e-001  6.6520142e-001  2.9928104e-002  2.9535176e+000  3.8916715e-004  5.3062364e-002  6.6373300e-001  9.4972611e-002  4.1920725e-002  1.7579916e+000  1.0589767e-001
  4.8865954e-002  3.7019225e+000  5.1612117e-001  2.8788302e+000  1.1506129e-001  1.6806324e+000  9.9463736e-001  6.4907249e-001  2.9202319e-002  2.9538505e+000  3.5950127e-004  5.2729466e-002  6.3086882e-001  9.0210440e-002  4.0424603e-002  1.7408585e+000  1.0464725e-001
  4.9721277e-002  3.6153806e+000  4.8963719e-001  2.9157795e+000  1.0832637e-001  1.5642932e+000  1.0442299e+000  6.3304743e-001  2.8481267e-002  2.9541167e+000  3.3149736e-004  5.2463271e-002  5.9895391e-001  8.5586669e-002  3.8940682e-002  1.7229129e+000  1.0318815e-001
  5.0657218e-002  3.5252579e+000  4.6425584e-001  2.9525591e+000  1.0188416e-001  1.4556216e+000  1.0975730e+000  6.1710742e-001  2.7764126e-002  2.9543074e+000  3.0508228e-004  5.2272553e-002  5.6798784e-001  8.1101322e-002  3.7468388e-002  1.7041093e+000  1.0150437e-001
  5.1684949e-002  3.4313684e+000  4.4003231e-001  2.9889738e+000  9.5747510e-002  1.3543001e+000  1.1550478e+000  6.0126947e-001  2.7051453e-002  2.9544078e+000  2.8024009e-004  5.2172249e-002  5.3804039e-001  7.6764569e-002  3.6010659e-002  1.6844436e+000  9.9577010e-002
  5.2818590e-002  3.3334463e+000  4.1698893e-001  3.0248128e+000  8.9921279e-002  1.2599717e+000  1.2171309e+000  5.8554961e-001  2.6344210e-002  2.9543992e+000  2.5693220e-004  5.2180796e-002  5.0915857e-001  7.2583290e-002  3.4569810e-002  1.6639085e+000  9.7385392e-002
  5.4077227e-002  3.2310544e+000  3.9510618e-001  3.0598607e+000  8.4400003e-002  1.1721888e+000  1.2844749e+000  5.6994364e-001  2.5642152e-002  2.9542554e+000  2.3509460e-004  5.2324625e-002  4.8135452e-001  6.8559212e-002  3.3146666e-002  1.6424743e+000  9.4901657e-002
  5.5478674e-002  3.1241581e+000  3.7444833e-001  3.0936937e+000  7.9199481e-002  1.0908964e+000  1.3575382e+000  5.5453145e-001  2.4948584e-002  2.9539502e+000  2.1474004e-004  5.2629753e-002  4.5474769e-001  6.4709749e-002  3.1748309e-002  1.6202162e+000  9.2115832e-002
  5.7045449e-002  3.0126602e+000  3.5504332e-001  3.1258449e+000  7.4326345e-002  1.0159417e+000  1.4368849e+000  5.3937552e-001  2.4266717e-002  2.9534466e+000  1.9585863e-004  5.3133356e-002  4.2943264e-001  6.1048540e-002  3.0381155e-002  1.5972156e+000  8.9016303e-002
  5.8785835e-002  2.8977155e+000  3.3708759e-001  3.1554646e+000  6.9829373e-002  9.4784264e-001  1.5222099e+000  5.2470925e-001  2.3606896e-002  2.9527142e+000  1.7859824e-004  5.3865799e-002  4.0573039e-001  5.7621992e-002  2.9065388e-002  1.5738310e+000  8.5642100e-002
  6.0597936e-002  2.7870210e+000  3.2155422e-001  3.1803958e+000  6.5950458e-002  8.8996809e-001  1.6079732e+000  5.1147104e-001  2.3011260e-002  2.9517865e+000  1.6383649e-004  5.4793546e-002  3.8502078e-001  5.4629390e-002  2.7884658e-002  1.5517127e+000  8.2251981e-002
  6.2463123e-002  2.6815277e+000  3.0818072e-001  3.2007357e+000  6.2620949e-002  8.4101471e-001  1.6931266e+000  4.9965907e-001  2.2479812e-002  2.9506814e+000  1.5126013e-004  5.5898610e-002  3.6706259e-001  5.2035433e-002  2.6835023e-002  1.5311012e+000  7.8922521e-002
  6.4353971e-002  2.5824207e+000  2.9675173e-001  3.2166339e+000  5.9784543e-002  7.9991164e-001  1.7763353e+000  4.8926358e-001  2.2012093e-002  2.9494344e+000  1.4061851e-004  5.7145598e-002  3.5165072e-001  4.9810179e-002  2.5913507e-002  1.5122272e+000  7.5738344e-002
  6.6260083e-002  2.4896560e+000  2.8694731e-001  3.2285556e+000  5.7359300e-002  7.6527388e-001  1.8571784e+000  4.8013053e-001  2.1601181e-002  2.9480742e+000  1.3157697e-004  5.8505789e-002  3.3841428e-001  4.7899737e-002  2.5105526e-002  1.4950540e+000  7.2736363e-002
  6.8168536e-002  2.4032427e+000  2.7851427e-001  3.2369550e+000  5.5280381e-002  7.3601017e-001  1.9351922e+000  4.7213162e-001  2.1241310e-002  2.9466363e+000  1.2387239e-004  5.9943651e-002  3.2704524e-001  4.6259395e-002  2.4398473e-002  1.4795333e+000  6.9948291e-002
  7.0068705e-002  2.3230033e+000  2.7123076e-001  3.2423032e+000  5.3491150e-002  7.1118537e-001  2.0100835e+000  4.6513043e-001  2.0926356e-002  2.9451530e+000  1.1727970e-004  6.1426989e-002  3.1726452e-001  4.4848675e-002  2.3779895e-002  1.4655701e+000  6.7388109e-002
  7.1948719e-002  2.2487744e+000  2.6491885e-001  3.2450502e+000  5.1946182e-002  6.9005142e-001  2.0815654e+000  4.5900838e-001  2.0650895e-002  2.9436574e+000  1.1161830e-004  6.2922570e-002  3.0883906e-001  4.3633802e-002  2.3238975e-002  1.4530650e+000  6.5062810e-002
  7.3796385e-002  2.1803714e+000  2.5943254e-001  3.2456241e+000  5.0608223e-002  6.7199796e-001  2.1493945e+000  4.5365438e-001  2.0410038e-002  2.9421791e+000  1.0674313e-004  6.4400878e-002  3.0157347e-001  4.2586461e-002  2.2766220e-002  1.4419108e+000  6.2970494e-002
  7.5599958e-002  2.1175735e+000  2.5465061e-001  3.2444279e+000  4.9446354e-002  6.5652020e-001  2.2133886e+000  4.4897270e-001  2.0199360e-002  2.9407455e+000  1.0253289e-004  6.5834529e-002  2.9529842e-001  4.1682140e-002  2.2353066e-002  1.4319950e+000  6.1103986e-002
  7.7345506e-002  2.0602261e+000  2.5047881e-001  3.2418364e+000  4.8436471e-002  6.4322342e-001  2.2733274e+000  4.4488073e-001  2.0015300e-002  2.9393807e+000  9.8893216e-005  6.7199340e-002  2.8987889e-001  4.0901307e-002  2.1992549e-002  1.4232179e+000  5.9453452e-002
  7.9020111e-002  2.0081336e+000  2.4683740e-001  3.2381955e+000  4.7558183e-002  6.3177690e-001  2.3290609e+000  4.4130556e-001  1.9854480e-002  2.9381032e+000  9.5744972e-005  6.8476767e-002  2.8519798e-001  4.0227044e-002  2.1678385e-002  1.4154774e+000  5.8005072e-002
  8.0609172e-002  1.9611564e+000  2.4366470e-001  3.2338250e+000  4.6795644e-002  6.2192331e-001  2.3804086e+000  4.3818773e-001  1.9714188e-002  2.9369284e+000  9.3025837e-005  6.9651638e-002  2.8116202e-001  3.9645810e-002  2.1405470e-002  1.4086860e+000  5.6744961e-002
  8.2097755e-002  1.9191700e+000  2.4091118e-001  3.2290187e+000  4.6136084e-002  6.1345703e-001  2.4272013e+000  4.3547932e-001  1.9592355e-002  2.9358668e+000  9.0685713e-005  7.0713215e-002  2.7769395e-001  3.9146461e-002  2.1169502e-002  1.4027649e+000  5.5658760e-002
