-10
-9.64708108
-8.868929842
-8.170391537
-7.794256677
-7.54268022
-7.353822891
-7.201855164
-7.073727247
-6.961932495
-6.870133526
-6.792957516
-6.725959495
-6.66627551
-6.611948894
-6.561550453
-6.513968547
-6.46828281
-6.423679536
-6.379385579
-6.334605036
-6.288442254
-6.239787363
-6.187116243
-6.128090669
-6.058637137
-5.97039706
-5.841321191
-5.565634575
-5.07138019
-4.715967149
-4.462351308
-4.261775877
-4.09374399
-3.978358195
-3.92816897
-3.896274391
-3.877282465
-3.864445222
-3.855472493
-3.848864677
-3.843791028
-3.838775968
-3.835579893
-3.832407168
-3.82967825
-3.827301931
-3.825160181
-3.823168032
-3.821265923
-3.819409128
-3.81756078
-3.815687252
-3.813754846
-3.811726685
-3.809559378
-3.807198487
-3.804571633
-3.80157689
-3.79806152
-3.79377878
-3.788290276
-3.780707896
-3.768840949
-3.745175483
-3.6799379
-3.609803344
-3.540840888
-3.476705239
-3.416896044
-3.361041031
-3.308368779
-3.258298567
-3.210282824
-3.163872773
-3.11866906
-3.074318003
-3.030491409
-2.986873117
-2.943144486
-2.898968865
-2.853852887
-2.807053025
-2.757932007
-2.705642537
-2.648987405
-2.586036474
-2.513104062
-2.446488235
-2.372991887
-2.304249757
-2.24024785
-2.179342757
-2.119912629
-2.060797998
-2.001714212
-1.948759855
-1.902667537
-1.862457841
-1.826975092
-1.795292489
-1.766703848
-1.740678034
-1.716806702
-1.694768895
-1.674306181
-1.655206317
-1.637291691
-1.62041144
-1.60443557
-1.589250697
-1.57475676
-1.560864299
-1.547492391
-1.534566851
-1.522018724
-1.509782946
-1.497797023
-1.485999936
-1.474330802
-1.462727654
-1.451125941
-1.439456805
-1.427644865
-1.415605389
-1.403240322
-1.390432823
-1.377233407
-1.36374788
-1.34984853
-1.335370405
-1.320078724
-1.303668272
-1.285712297
-1.2655917
-1.242376505
-1.214722867
-1.181305816
-1.143176783
-1.103988147
-1.064509431
-1.026694408
-0.990676819
-0.95566301
-0.920932735
-0.886142379
-0.850007393
-0.81049186
-0.772406685
-0.738866154
-0.709261556
-0.682354457
-0.657831594
-0.635435029
-0.615070001
-0.596315194
-0.57878392
-0.562142589
-0.546192009
-0.530738468
-0.515656577
-0.500853882
-0.486224344
-0.471632798
-0.45699181
-0.442182178
-0.427217402
-0.412913454
-0.39921057
-0.386111317
-0.373494724
-0.361275649
-0.349366499
-0.337700005
-0.326221067
-0.314882096
-0.303660284
-0.292540046
-0.281534941
-0.270686474
