  0.0000000e+000
  3.0000000e+002
  6.0000000e+002
  9.0000000e+002
  1.2000000e+003
  1.5000000e+003
  1.8000000e+003
  2.1000000e+003
  2.4000000e+003
  2.7000000e+003
  3.0000000e+003
  3.3000000e+003
  3.6000000e+003
  3.9000000e+003
  4.2000000e+003
  4.5000000e+003
  4.8000000e+003
  5.1000000e+003
  5.4000000e+003
  5.7000000e+003
  6.0000000e+003
  6.3000000e+003
  6.6000000e+003
  6.9000000e+003
  7.2000000e+003
  7.5000000e+003
  7.8000000e+003
  8.1000000e+003
  8.4000000e+003
  8.7000000e+003
  9.0000000e+003
  9.3000000e+003
  9.6000000e+003
  9.9000000e+003
  1.0200000e+004
  1.0500000e+004
  1.0800000e+004
  1.1100000e+004
  1.1400000e+004
  1.1700000e+004
  1.2000000e+004
  1.2300000e+004
  1.2600000e+004
  1.2900000e+004
  1.3200000e+004
  1.3500000e+004
  1.3800000e+004
  1.4100000e+004
  1.4400000e+004
