  5.7243340e-003  0.0000000e+000  4.0826209e-006  3.5713243e-003
  2.8621670e-002  0.0000000e+000  1.4026815e-004  1.7667572e-002
  3.1859019e-002  0.0000000e+000  3.8014070e-004  1.9302945e-002
  3.2705686e-002  0.0000000e+000  6.2111470e-004  1.9430284e-002
  3.5161782e-002  0.0000000e+000  9.1300564e-004  2.0467832e-002
  4.3982944e-002  0.0000000e+000  1.4773593e-003  2.5010058e-002
  5.4490718e-002  0.0000000e+000  2.3109621e-003  3.0110348e-002
  6.7154131e-002  0.0000000e+000  3.5221496e-003  3.5845069e-002
  8.2599723e-002  0.0000000e+000  5.2657624e-003  4.2297492e-002
  1.0173616e-001  0.0000000e+000  7.7748935e-003  4.9587165e-002
  1.2590902e-001  0.0000000e+000  1.1418944e-002  5.7890450e-002
  1.5715751e-001  0.0000000e+000  1.6815122e-002  6.7478482e-002
  1.9864995e-001  0.0000000e+000  2.5049506e-002  7.8796377e-002
  2.5546515e-001  0.0000000e+000  3.8135384e-002  9.2659276e-002
  3.3626156e-001  0.0000000e+000  6.0052581e-002  1.1084127e-001
  4.2284257e-001  0.0000000e+000  9.1191838e-002  1.2777760e-001
  4.3956063e-001  0.0000000e+000  1.1323199e-001  1.2609197e-001
  4.5622751e-001  0.0000000e+000  1.3749616e-001  1.3013632e-001
  4.7825211e-001  0.0000000e+000  1.6637180e-001  1.4129978e-001
  4.9914626e-001  0.0000000e+000  1.9895931e-001  1.5782265e-001
  5.0576542e-001  0.0000000e+000  2.3014332e-001  1.7512379e-001
  4.9442493e-001  0.0000000e+000  2.5652810e-001  1.8997489e-001
  4.6950055e-001  0.0000000e+000  2.7825912e-001  2.0141187e-001
  4.3795364e-001  0.0000000e+000  2.9837498e-001  2.1038971e-001
  4.0451962e-001  0.0000000e+000  3.2088790e-001  2.1833788e-001
  3.7150102e-001  0.0000000e+000  3.5079139e-001  2.2670625e-001
  3.4029364e-001  0.0000000e+000  3.9655040e-001  2.3756084e-001
  3.1308694e-001  0.0000000e+000  4.7781172e-001  2.5548168e-001
  2.9750155e-001  0.0000000e+000  6.6139965e-001  2.9633515e-001
  1.2912699e-001  0.0000000e+000  4.1219178e-001  1.5426593e-001
  1.2912699e-001  0.0000000e+000  5.5194194e-001  1.7950733e-001
  7.6048566e-002  0.0000000e+000  4.1706322e-001  1.2175680e-001
  7.6048566e-002  0.0000000e+000  4.9741340e-001  1.3734136e-001
  6.4319203e-002  0.0000000e+000  4.6971523e-001  1.3030106e-001
  5.2578375e-002  0.0000000e+000  3.8845649e-001  1.1661392e-001
  4.5465009e-002  0.0000000e+000  3.1178129e-001  1.0762059e-001
  4.0666363e-002  0.0000000e+000  2.4298041e-001  1.0066645e-001
  3.7204174e-002  0.0000000e+000  1.8610746e-001  9.4805919e-002
  3.4878016e-002  0.0000000e+000  1.4321356e-001  9.0441152e-002
  3.3595098e-002  0.0000000e+000  1.1258810e-001  8.7921217e-002
  3.3206982e-002  0.0000000e+000  9.1116174e-002  8.7197314e-002
  3.3582883e-002  0.0000000e+000  7.6129874e-002  8.8096218e-002
  3.4659622e-002  0.0000000e+000  6.5788170e-002  9.0520347e-002
  3.6445440e-002  0.0000000e+000  5.8902020e-002  9.4494886e-002
  3.9010769e-002  0.0000000e+000  5.4722329e-002  1.0015634e-001
  4.2477374e-002  0.0000000e+000  5.2791656e-002  1.0772235e-001
  4.6999432e-002  0.0000000e+000  5.2841296e-002  1.1743291e-001
  5.2718081e-002  0.0000000e+000  5.4697700e-002  1.2942437e-001
  5.9662502e-002  0.0000000e+000  5.8162654e-002  1.4348678e-001
  6.7845266e-002  0.0000000e+000  6.3088563e-002  1.5931434e-001
  7.6803456e-002  0.0000000e+000  6.8924394e-002  1.7548004e-001
  8.5440190e-002  0.0000000e+000  7.4611370e-002  1.8930292e-001
  9.3192238e-002  0.0000000e+000  7.9603889e-002  1.9964008e-001
  1.0008525e-001  0.0000000e+000  8.3856892e-002  2.0680486e-001
  1.0653431e-001  0.0000000e+000  8.7645971e-002  2.1189913e-001
  1.1299196e-001  0.0000000e+000  9.1272104e-002  2.1595248e-001
  1.1979990e-001  0.0000000e+000  9.4940887e-002  2.1962717e-001
  1.2719933e-001  0.0000000e+000  9.8770853e-002  2.2328561e-001
  1.3537978e-001  0.0000000e+000  1.0283032e-001  2.2711847e-001
  1.4451855e-001  0.0000000e+000  1.0716496e-001  2.3123242e-001
  1.5480692e-001  0.0000000e+000  1.1181377e-001  2.3569728e-001
  1.6646930e-001  0.0000000e+000  1.1681860e-001  2.4056930e-001
  1.7978049e-001  0.0000000e+000  1.2223163e-001  2.4590281e-001
  1.9508486e-001  0.0000000e+000  1.2812386e-001  2.5175644e-001
  2.1281983e-001  0.0000000e+000  1.3459742e-001  2.5819695e-001
  2.3354513e-001  0.0000000e+000  1.4180549e-001  2.6530209e-001
  2.5797764e-001  0.0000000e+000  1.4998495e-001  2.7316277e-001
  2.8702672e-001  0.0000000e+000  1.5951055e-001  2.8188530e-001
  3.2181420e-001  0.0000000e+000  1.7098284e-001  2.9159577e-001
  3.6364337e-001  0.0000000e+000  1.8536676e-001  3.0245801e-001
  4.1386229e-001  0.0000000e+000  2.0420036e-001  3.1474560e-001
  4.7361637e-001  0.0000000e+000  2.2990517e-001  3.2908795e-001
  5.4378339e-001  0.0000000e+000  2.6632632e-001  3.4716779e-001
  6.2610276e-001  0.0000000e+000  3.2009788e-001  3.7337072e-001
  7.2775891e-001  0.0000000e+000  4.0537115e-001  4.1866644e-001
  6.7008098e-001  0.0000000e+000  4.2166004e-001  3.8954218e-001
  6.7008098e-001  0.0000000e+000  4.9235661e-001  4.1273946e-001
  5.6175090e-001  0.0000000e+000  4.9892053e-001  3.8064886e-001
  4.7072246e-001  0.0000000e+000  5.2141503e-001  3.5988844e-001
  4.1888677e-001  0.0000000e+000  6.1005941e-001  3.7199020e-001
  2.7010018e-001  0.0000000e+000  5.2796315e-001  2.8097928e-001
  1.8571243e-001  0.0000000e+000  4.6641963e-001  2.2185843e-001
  1.4477219e-001  0.0000000e+000  4.4594485e-001  1.9542277e-001
  1.4477219e-001  0.0000000e+000  5.2864476e-001  2.2071751e-001
  1.1814159e-001  0.0000000e+000  4.7710823e-001  2.0181086e-001
  9.8614725e-002  0.0000000e+000  3.9829821e-001  1.8364889e-001
  8.8384985e-002  0.0000000e+000  3.2724654e-001  1.7477655e-001
  8.1930710e-002  0.0000000e+000  2.6075326e-001  1.6828458e-001
  7.7223099e-002  0.0000000e+000  2.0376342e-001  1.6183887e-001
  7.4600647e-002  0.0000000e+000  1.6162474e-001  1.5739737e-001
  7.4616590e-002  0.0000000e+000  1.3374294e-001  1.5697077e-001
  7.7230869e-002  0.0000000e+000  1.1643673e-001  1.6082520e-001
  8.2193940e-002  0.0000000e+000  1.0646394e-001  1.6841779e-001
  8.9228680e-002  0.0000000e+000  1.0163848e-001  1.7893935e-001
  9.7879461e-002  0.0000000e+000  1.0036488e-001  1.9113737e-001
  1.0736772e-001  0.0000000e+000  1.0125113e-001  2.0319097e-001
  1.1769813e-001  0.0000000e+000  1.0389422e-001  2.1490049e-001
  1.2780646e-001  0.0000000e+000  1.0699338e-001  2.2423369e-001
  1.3742395e-001  0.0000000e+000  1.1007813e-001  2.3087898e-001
  1.4705577e-001  0.0000000e+000  1.1330838e-001  2.3587263e-001
  1.5730193e-001  0.0000000e+000  1.1689206e-001  2.4021640e-001
  1.6867663e-001  0.0000000e+000  1.2096778e-001  2.4456779e-001
  1.8161134e-001  0.0000000e+000  1.2561328e-001  2.4928530e-001
  1.9651992e-001  0.0000000e+000  1.3088739e-001  2.5455590e-001
  2.1386233e-001  0.0000000e+000  1.3686646e-001  2.6048859e-001
  2.3419733e-001  0.0000000e+000  1.4367558e-001  2.6716603e-001
  2.5822874e-001  0.0000000e+000  1.5152472e-001  2.7466996e-001
  2.8684598e-001  0.0000000e+000  1.6076236e-001  2.8309351e-001
  3.2114697e-001  0.0000000e+000  1.7196059e-001  2.9254956e-001
  3.6241084e-001  0.0000000e+000  1.8604919e-001  3.0318907e-001
  4.1196787e-001  0.0000000e+000  2.0451816e-001  3.1526913e-001
  4.7095730e-001  0.0000000e+000  2.2971918e-001  3.2938530e-001
  5.4024121e-001  0.0000000e+000  2.6538485e-001  3.4713313e-001
  6.2142826e-001  0.0000000e+000  3.1791620e-001  3.7268016e-001
  7.2112963e-001  0.0000000e+000  4.0076885e-001  4.1642384e-001
  6.8493754e-001  0.0000000e+000  4.2953321e-001  3.9881886e-001
  6.8493754e-001  0.0000000e+000  5.0242666e-001  4.2232707e-001
  5.6471738e-001  0.0000000e+000  5.0148364e-001  3.8314135e-001
  4.7220343e-001  0.0000000e+000  5.2311375e-001  3.6145597e-001
  4.2007199e-001  0.0000000e+000  6.1192616e-001  3.7349385e-001
  2.6921917e-001  0.0000000e+000  5.2587331e-001  2.8027785e-001
  1.8641498e-001  0.0000000e+000  4.6727714e-001  2.2275745e-001
  1.4512284e-001  0.0000000e+000  4.4583165e-001  1.9591461e-001
  1.4512284e-001  0.0000000e+000  5.2788198e-001  2.2118861e-001
  1.1861078e-001  0.0000000e+000  4.7655477e-001  2.0246901e-001
  9.9144033e-002  0.0000000e+000  3.9796827e-001  1.8444191e-001
  8.8953866e-002  0.0000000e+000  3.2702925e-001  1.7566624e-001
  8.2521111e-002  0.0000000e+000  2.6059824e-001  1.6922199e-001
  7.7826875e-002  0.0000000e+000  2.0369005e-001  1.6279283e-001
  7.5236361e-002  0.0000000e+000  1.6167888e-001  1.5839128e-001
  7.5315941e-002  0.0000000e+000  1.3394344e-001  1.5805141e-001
  7.8022654e-002  0.0000000e+000  1.1677883e-001  1.6202695e-001
  8.3097837e-002  0.0000000e+000  1.0693441e-001  1.6974906e-001
  9.0246696e-002  0.0000000e+000  1.0221448e-001  1.8036690e-001
  9.8983700e-002  0.0000000e+000  1.0100561e-001  1.9256942e-001
  1.0850129e-001  0.0000000e+000  1.0190038e-001  2.0449334e-001
  1.1888167e-001  0.0000000e+000  1.0456662e-001  2.1609433e-001
  1.2896248e-001  0.0000000e+000  1.0761452e-001  2.2517876e-001
  1.3858170e-001  0.0000000e+000  1.1066527e-001  2.3163869e-001
  1.4826532e-001  0.0000000e+000  1.1388875e-001  2.3653288e-001
  1.5861370e-001  0.0000000e+000  1.1748864e-001  2.4084495e-001
  1.7013616e-001  0.0000000e+000  1.2159668e-001  2.4520719e-001
  1.8326300e-001  0.0000000e+000  1.2628678e-001  2.4996094e-001
  1.9841241e-001  0.0000000e+000  1.3161759e-001  2.5528418e-001
  2.1605379e-001  0.0000000e+000  1.3766857e-001  2.6128215e-001
  2.3676013e-001  0.0000000e+000  1.4457149e-001  2.6803652e-001
  2.6125412e-001  0.0000000e+000  1.5254815e-001  2.7562954e-001
  2.9044776e-001  0.0000000e+000  1.6196662e-001  2.8415569e-001
  3.2546174e-001  0.0000000e+000  1.7343107e-001  2.9373045e-001
  3.6758934e-001  0.0000000e+000  1.8792243e-001  3.0451138e-001
  4.1815194e-001  0.0000000e+000  2.0700994e-001  3.1677695e-001
  4.7825228e-001  0.0000000e+000  2.3316789e-001  3.3119041e-001
  5.4874926e-001  0.0000000e+000  2.7033907e-001  3.4953512e-001
  6.3150847e-001  0.0000000e+000  3.2539379e-001  3.7643427e-001
  7.3428282e-001  0.0000000e+000  4.1324782e-001  4.2344822e-001
  6.5662883e-001  0.0000000e+000  4.1796659e-001  3.8374416e-001
  6.5662883e-001  0.0000000e+000  4.8760088e-001  4.0708735e-001
  5.5811792e-001  0.0000000e+000  5.0099888e-001  3.8087645e-001
  4.6870415e-001  0.0000000e+000  5.2585047e-001  3.6130353e-001
  4.1843249e-001  0.0000000e+000  6.1967244e-001  3.7540148e-001
  2.5688324e-001  0.0000000e+000  5.0916211e-001  2.6956459e-001
  1.8589562e-001  0.0000000e+000  4.7076025e-001  2.2345447e-001
  1.4306670e-001  0.0000000e+000  4.4339147e-001  1.9425126e-001
  1.4306670e-001  0.0000000e+000  5.2300841e-001  2.1901557e-001
  1.1773373e-001  0.0000000e+000  4.7359522e-001  2.0158364e-001
  9.8757272e-002  0.0000000e+000  3.9570630e-001  1.8411013e-001
  8.8751889e-002  0.0000000e+000  3.2494188e-001  1.7550748e-001
  8.2386151e-002  0.0000000e+000  2.5870023e-001  1.6907254e-001
  7.7744491e-002  0.0000000e+000  2.0219201e-001  1.6266458e-001
  7.5231018e-002  0.0000000e+000  1.6065460e-001  1.5836705e-001
  7.5395869e-002  0.0000000e+000  1.3330192e-001  1.5816492e-001
  7.8182544e-002  0.0000000e+000  1.1640643e-001  1.6226940e-001
  8.3330572e-002  0.0000000e+000  1.0675053e-001  1.7009916e-001
  9.0541562e-002  0.0000000e+000  1.0216349e-001  1.8079153e-001
  9.9319569e-002  0.0000000e+000  1.0104095e-001  1.9301474e-001
  1.0884712e-001  0.0000000e+000  1.0197921e-001  2.0489227e-001
  1.1925354e-001  0.0000000e+000  1.0469214e-001  2.1647198e-001
  1.2931421e-001  0.0000000e+000  1.0773674e-001  2.2545315e-001
  1.3892682e-001  0.0000000e+000  1.1078790e-001  2.3184057e-001
  1.4862475e-001  0.0000000e+000  1.1401974e-001  2.3669981e-001
  1.5900681e-001  0.0000000e+000  1.1763424e-001  2.4100454e-001
  1.7057901e-001  0.0000000e+000  1.2176053e-001  2.4537533e-001
  1.8377022e-001  0.0000000e+000  1.2647129e-001  2.5014602e-001
  1.9899955e-001  0.0000000e+000  1.3182528e-001  2.5549089e-001
  2.1673928e-001  0.0000000e+000  1.3790326e-001  2.6151375e-001
  2.3756698e-001  0.0000000e+000  1.4483947e-001  2.6829598e-001
  2.6221147e-001  0.0000000e+000  1.5285973e-001  2.7592009e-001
  2.9159203e-001  0.0000000e+000  1.6233875e-001  2.8448113e-001
  3.2683661e-001  0.0000000e+000  1.7389133e-001  2.9409554e-001
  3.6924271e-001  0.0000000e+000  1.8851523e-001  3.0492324e-001
  4.2012841e-001  0.0000000e+000  2.0780573e-001  3.1725015e-001
  4.8058471e-001  0.0000000e+000  2.3427740e-001  3.3176280e-001
  5.5147239e-001  0.0000000e+000  2.7194310e-001  3.5030832e-001
  6.3474982e-001  0.0000000e+000  3.2783300e-001  3.7766376e-001
  7.3857097e-001  0.0000000e+000  4.1737359e-001  4.2578984e-001
  6.4801280e-001  0.0000000e+000  4.1451280e-001  3.7919999e-001
  6.4801280e-001  0.0000000e+000  4.8320791e-001  4.0249785e-001
  5.5588185e-001  0.0000000e+000  5.0088834e-001  3.8012532e-001
  4.6748282e-001  0.0000000e+000  5.2683266e-001  3.6125266e-001
  4.1787332e-001  0.0000000e+000  6.2247685e-001  3.7609504e-001
  2.5257352e-001  0.0000000e+000  5.0322275e-001  2.6578708e-001
  1.8570347e-001  0.0000000e+000  4.7198067e-001  2.2369015e-001
  1.4234936e-001  0.0000000e+000  4.4254440e-001  1.9366992e-001
  1.4234936e-001  0.0000000e+000  5.2131883e-001  2.1825809e-001
  1.1742090e-001  0.0000000e+000  4.7255281e-001  2.0126707e-001
  9.8615068e-002  0.0000000e+000  3.9490108e-001  1.8398503e-001
  8.8674121e-002  0.0000000e+000  3.2419644e-001  1.7544146e-001
  8.2331757e-002  0.0000000e+000  2.5802333e-001  1.6900882e-001
  7.7708946e-002  0.0000000e+000  2.0165900e-001  1.6260884e-001
  7.5222898e-002  0.0000000e+000  1.6028988e-001  1.5834866e-001
  7.5417629e-002  0.0000000e+000  1.3307202e-001  1.5819503e-001
  7.8231935e-002  0.0000000e+000  1.1627081e-001  1.6234434e-001
  8.3404828e-002  0.0000000e+000  1.0668067e-001  1.7021113e-001
  9.0636776e-002  0.0000000e+000  1.0213981e-001  1.8092892e-001
  9.9428386e-002  0.0000000e+000  1.0104724e-001  1.9315909e-001
  1.0895899e-001  0.0000000e+000  1.0200075e-001  2.0502095e-001
  1.1937410e-001  0.0000000e+000  1.0472999e-001  2.1659399e-001
  1.2942787e-001  0.0000000e+000  1.0777394e-001  2.2554088e-001
  1.3903822e-001  0.0000000e+000  1.1082565e-001  2.3190453e-001
  1.4874085e-001  0.0000000e+000  1.1406060e-001  2.3675251e-001
  1.5913400e-001  0.0000000e+000  1.1768019e-001  2.4105507e-001
  1.7072254e-001  0.0000000e+000  1.2181270e-001  2.4542889e-001
  1.8393487e-001  0.0000000e+000  1.2653039e-001  2.5020529e-001
  1.9919037e-001  0.0000000e+000  1.3189211e-001  2.5555738e-001
  2.1696229e-001  0.0000000e+000  1.3797903e-001  2.6158848e-001
  2.3782968e-001  0.0000000e+000  1.4492621e-001  2.6837989e-001
  2.6252337e-001  0.0000000e+000  1.5296082e-001  2.7601421e-001
  2.9196503e-001  0.0000000e+000  1.6245973e-001  2.8458670e-001
  3.2728494e-001  0.0000000e+000  1.7404125e-001  2.9421409e-001
  3.6978195e-001  0.0000000e+000  1.8870867e-001  3.0505710e-001
  4.2077298e-001  0.0000000e+000  2.0806584e-001  3.1740415e-001
  4.8134523e-001  0.0000000e+000  2.3464053e-001  3.3194951e-001
  5.5236038e-001  0.0000000e+000  2.7246875e-001  3.5056151e-001
  6.3580820e-001  0.0000000e+000  3.2863385e-001  3.7806822e-001
  7.3997735e-001  0.0000000e+000  4.1873370e-001  4.2656404e-001
  6.4524587e-001  0.0000000e+000  4.1341092e-001  3.7774588e-001
  6.4524587e-001  0.0000000e+000  4.8180963e-001  4.0102951e-001
  5.5514211e-001  0.0000000e+000  5.0085884e-001  3.7987944e-001
  4.6707545e-001  0.0000000e+000  5.2716587e-001  3.6123721e-001
  4.1768882e-001  0.0000000e+000  6.2342878e-001  3.7633169e-001
  2.5112949e-001  0.0000000e+000  5.0121906e-001  2.6451708e-001
  1.8563903e-001  0.0000000e+000  4.7239119e-001  2.2376938e-001
  1.4210970e-001  0.0000000e+000  4.4226127e-001  1.9347569e-001
  1.4210970e-001  0.0000000e+000  5.2075411e-001  2.1800511e-001
  1.1731591e-001  0.0000000e+000  4.7220272e-001  2.0116088e-001
  9.8567124e-002  0.0000000e+000  3.9462979e-001  1.8394278e-001
  8.8647739e-002  0.0000000e+000  3.2394509e-001  1.7541886e-001
  8.2313205e-002  0.0000000e+000  2.5779523e-001  1.6898693e-001
  7.7696766e-002  0.0000000e+000  2.0147958e-001  1.6258971e-001
  7.5219976e-002  0.0000000e+000  1.6016717e-001  1.5834217e-001
  7.5424762e-002  0.0000000e+000  1.3299463e-001  1.5820488e-001
  7.8248347e-002  0.0000000e+000  1.1622509e-001  1.6236924e-001
  8.3429579e-002  0.0000000e+000  1.0665704e-001  1.7024846e-001
  9.0668540e-002  0.0000000e+000  1.0213169e-001  1.8097475e-001
  9.9464683e-002  0.0000000e+000  1.0104915e-001  1.9320721e-001
  1.0899628e-001  0.0000000e+000  1.0200778e-001  2.0506380e-001
  1.1941429e-001  0.0000000e+000  1.0474250e-001  2.1663459e-001
  1.2946574e-001  0.0000000e+000  1.0778624e-001  2.2557004e-001
  1.3907535e-001  0.0000000e+000  1.1083816e-001  2.3192577e-001
  1.4877956e-001  0.0000000e+000  1.1407417e-001  2.3677001e-001
  1.5917643e-001  0.0000000e+000  1.1769547e-001  2.4107187e-001
  1.7077043e-001  0.0000000e+000  1.2183006e-001  2.4544671e-001
  1.8398982e-001  0.0000000e+000  1.2655008e-001  2.5022504e-001
  1.9925407e-001  0.0000000e+000  1.3191438e-001  2.5557954e-001
  2.1703675e-001  0.0000000e+000  1.3800430e-001  2.6161340e-001
  2.3791740e-001  0.0000000e+000  1.4495515e-001  2.6840788e-001
  2.6262753e-001  0.0000000e+000  1.5299455e-001  2.7604562e-001
  2.9208960e-001  0.0000000e+000  1.6250012e-001  2.8462192e-001
  3.2743467e-001  0.0000000e+000  1.7409133e-001  2.9425365e-001
  3.6996205e-001  0.0000000e+000  1.8877332e-001  3.0510178e-001
  4.2098826e-001  0.0000000e+000  2.0815279e-001  3.1745556e-001
  4.8159921e-001  0.0000000e+000  2.3476196e-001  3.3201189e-001
  5.5265692e-001  0.0000000e+000  2.7264459e-001  3.5064621e-001
  6.3616179e-001  0.0000000e+000  3.2890192e-001  3.7820371e-001
  7.4044789e-001  0.0000000e+000  4.1918955e-001  4.2682377e-001
  6.4432639e-001  0.0000000e+000  4.1304557e-001  3.7726326e-001
  6.4432639e-001  0.0000000e+000  4.8134634e-001  4.0054219e-001
  5.5489398e-001  0.0000000e+000  5.0084976e-001  3.7979728e-001
  4.6693845e-001  0.0000000e+000  5.2727862e-001  3.6123222e-001
  4.1762703e-001  0.0000000e+000  6.2375090e-001  3.7641194e-001
  2.5064299e-001  0.0000000e+000  5.0054240e-001  2.6408872e-001
  1.8561734e-001  0.0000000e+000  4.7252972e-001  2.2379614e-001
  1.4202906e-001  0.0000000e+000  4.4216597e-001  1.9341034e-001
  1.4202906e-001  0.0000000e+000  5.2056401e-001  2.1792000e-001
  1.1728054e-001  0.0000000e+000  4.7208469e-001  2.0112512e-001
  9.8550952e-002  0.0000000e+000  3.9453823e-001  1.8392852e-001
  8.8638829e-002  0.0000000e+000  3.2386024e-001  1.7541122e-001
  8.2306932e-002  0.0000000e+000  2.5771826e-001  1.6897951e-001
  7.7692646e-002  0.0000000e+000  2.0141905e-001  1.6258323e-001
  7.5218983e-002  0.0000000e+000  1.6012578e-001  1.5833997e-001
  7.5427162e-002  0.0000000e+000  1.3296853e-001  1.5820819e-001
  7.8253878e-002  0.0000000e+000  1.1620967e-001  1.6237763e-001
  8.3437921e-002  0.0000000e+000  1.0664907e-001  1.7026104e-001
  9.0679247e-002  0.0000000e+000  1.0212894e-001  1.8099020e-001
  9.9476917e-002  0.0000000e+000  1.0104979e-001  1.9322343e-001
  1.0900885e-001  0.0000000e+000  1.0201014e-001  2.0507823e-001
  1.1942783e-001  0.0000000e+000  1.0474670e-001  2.1664827e-001
  1.2947851e-001  0.0000000e+000  1.0779038e-001  2.2557986e-001
  1.3908786e-001  0.0000000e+000  1.1084237e-001  2.3193292e-001
  1.4879260e-001  0.0000000e+000  1.1407874e-001  2.3677591e-001
  1.5919072e-001  0.0000000e+000  1.1770062e-001  2.4107753e-001
  1.7078657e-001  0.0000000e+000  1.2183591e-001  2.4545272e-001
  1.8400834e-001  0.0000000e+000  1.2655671e-001  2.5023169e-001
  1.9927554e-001  0.0000000e+000  1.3192189e-001  2.5558701e-001
  2.1706184e-001  0.0000000e+000  1.3801281e-001  2.6162179e-001
  2.3794697e-001  0.0000000e+000  1.4496490e-001  2.6841731e-001
  2.6266265e-001  0.0000000e+000  1.5300592e-001  2.7605620e-001
  2.9213160e-001  0.0000000e+000  1.6251374e-001  2.8463379e-001
  3.2748515e-001  0.0000000e+000  1.7410821e-001  2.9426698e-001
  3.7002277e-001  0.0000000e+000  1.8879512e-001  3.0511684e-001
  4.2106083e-001  0.0000000e+000  2.0818211e-001  3.1747290e-001
  4.8168482e-001  0.0000000e+000  2.3480292e-001  3.3203292e-001
  5.5275688e-001  0.0000000e+000  2.7270390e-001  3.5067477e-001
  6.3628100e-001  0.0000000e+000  3.2899235e-001  3.7824942e-001
  7.4060660e-001  0.0000000e+000  4.1934340e-001  4.2691146e-001
  6.4401694e-001  0.0000000e+000  4.1292270e-001  3.7710090e-001
  6.4401694e-001  0.0000000e+000  4.8119057e-001  4.0037825e-001
  5.5481022e-001  0.0000000e+000  5.0084680e-001  3.7976958e-001
  4.6689217e-001  0.0000000e+000  5.2731680e-001  3.6123056e-001
  4.1760618e-001  0.0000000e+000  6.2385997e-001  3.7643913e-001
  2.5047850e-001  0.0000000e+000  5.0031342e-001  2.6394382e-001
  1.8561002e-001  0.0000000e+000  4.7257659e-001  2.2380520e-001
  1.4200181e-001  0.0000000e+000  4.4213375e-001  1.9338825e-001
  1.4200181e-001  0.0000000e+000  5.2049976e-001  2.1789123e-001
  1.1726858e-001  0.0000000e+000  4.7204477e-001  2.0111303e-001
  9.8545483e-002  0.0000000e+000  3.9450725e-001  1.8392370e-001
  8.8635816e-002  0.0000000e+000  3.2383154e-001  1.7540864e-001
  8.2304810e-002  0.0000000e+000  2.5769221e-001  1.6897700e-001
  7.7691252e-002  0.0000000e+000  2.0139857e-001  1.6258104e-001
  7.5218648e-002  0.0000000e+000  1.6011178e-001  1.5833923e-001
  7.5427974e-002  0.0000000e+000  1.3295970e-001  1.5820931e-001
  7.8255749e-002  0.0000000e+000  1.1620446e-001  1.6238047e-001
  8.3440743e-002  0.0000000e+000  1.0664637e-001  1.7026530e-001
  9.0682869e-002  0.0000000e+000  1.0212801e-001  1.8099542e-001
  9.9481054e-002  0.0000000e+000  1.0105001e-001  1.9322891e-001
  1.0901310e-001  0.0000000e+000  1.0201093e-001  2.0508311e-001
  1.1943241e-001  0.0000000e+000  1.0474813e-001  2.1665289e-001
  1.2948282e-001  0.0000000e+000  1.0779178e-001  2.2558317e-001
  1.3909209e-001  0.0000000e+000  1.1084379e-001  2.3193533e-001
  1.4879701e-001  0.0000000e+000  1.1408028e-001  2.3677790e-001
  1.5919556e-001  0.0000000e+000  1.1770236e-001  2.4107945e-001
  1.7079203e-001  0.0000000e+000  1.2183789e-001  2.4545475e-001
  1.8401460e-001  0.0000000e+000  1.2655896e-001  2.5023394e-001
  1.9928281e-001  0.0000000e+000  1.3192443e-001  2.5558953e-001
  2.1707033e-001  0.0000000e+000  1.3801569e-001  2.6162463e-001
  2.3795697e-001  0.0000000e+000  1.4496820e-001  2.6842051e-001
  2.6267452e-001  0.0000000e+000  1.5300977e-001  2.7605978e-001
  2.9214580e-001  0.0000000e+000  1.6251834e-001  2.8463781e-001
  3.2750223e-001  0.0000000e+000  1.7411392e-001  2.9427149e-001
  3.7004331e-001  0.0000000e+000  1.8880249e-001  3.0512193e-001
  4.2108538e-001  0.0000000e+000  2.0819203e-001  3.1747876e-001
  4.8171378e-001  0.0000000e+000  2.3481677e-001  3.3204004e-001
  5.5279070e-001  0.0000000e+000  2.7272397e-001  3.5068444e-001
  6.3632133e-001  0.0000000e+000  3.2902295e-001  3.7826489e-001
  7.4066030e-001  0.0000000e+000  4.1939547e-001  4.2694114e-001
  6.4391233e-001  0.0000000e+000  4.1288117e-001  3.7704602e-001
  6.4391233e-001  0.0000000e+000  4.8113793e-001  4.0032284e-001
  5.5478187e-001  0.0000000e+000  5.0084580e-001  3.7976021e-001
  4.6687650e-001  0.0000000e+000  5.2732974e-001  3.6123000e-001
  4.1759912e-001  0.0000000e+000  6.2389692e-001  3.7644834e-001
  2.5042280e-001  0.0000000e+000  5.0023587e-001  2.6389476e-001
  1.8560754e-001  0.0000000e+000  4.7259246e-001  2.2380827e-001
  1.4199258e-001  0.0000000e+000  4.4212285e-001  1.9338078e-001
  1.4199258e-001  0.0000000e+000  5.2047800e-001  2.1788150e-001
  1.1726453e-001  0.0000000e+000  4.7203126e-001  2.0110893e-001
  9.8543632e-002  0.0000000e+000  3.9449677e-001  1.8392207e-001
  8.8634794e-002  0.0000000e+000  3.2382181e-001  1.7540776e-001
  8.2304090e-002  0.0000000e+000  2.5768339e-001  1.6897615e-001
  7.7690780e-002  0.0000000e+000  2.0139164e-001  1.6258030e-001
  7.5218533e-002  0.0000000e+000  1.6010704e-001  1.5833897e-001
  7.5428249e-002  0.0000000e+000  1.3295671e-001  1.5820969e-001
  7.8256382e-002  0.0000000e+000  1.1620269e-001  1.6238143e-001
  8.3441699e-002  0.0000000e+000  1.0664546e-001  1.7026674e-001
  9.0684095e-002  0.0000000e+000  1.0212770e-001  1.8099719e-001
  9.9482455e-002  0.0000000e+000  1.0105008e-001  1.9323077e-001
  1.0901453e-001  0.0000000e+000  1.0201120e-001  2.0508476e-001
  1.1943396e-001  0.0000000e+000  1.0474861e-001  2.1665446e-001
  1.2948428e-001  0.0000000e+000  1.0779225e-001  2.2558430e-001
  1.3909352e-001  0.0000000e+000  1.1084427e-001  2.3193615e-001
  1.4879851e-001  0.0000000e+000  1.1408080e-001  2.3677857e-001
  1.5919720e-001  0.0000000e+000  1.1770295e-001  2.4108009e-001
  1.7079388e-001  0.0000000e+000  1.2183856e-001  2.4545543e-001
  1.8401672e-001  0.0000000e+000  1.2655972e-001  2.5023470e-001
  1.9928527e-001  0.0000000e+000  1.3192529e-001  2.5559039e-001
  2.1707321e-001  0.0000000e+000  1.3801667e-001  2.6162560e-001
  2.3796036e-001  0.0000000e+000  1.4496932e-001  2.6842159e-001
  2.6267854e-001  0.0000000e+000  1.5301107e-001  2.7606099e-001
  2.9215061e-001  0.0000000e+000  1.6251990e-001  2.8463917e-001
  3.2750801e-001  0.0000000e+000  1.7411586e-001  2.9427302e-001
  3.7005026e-001  0.0000000e+000  1.8880499e-001  3.0512366e-001
  4.2109369e-001  0.0000000e+000  2.0819539e-001  3.1748074e-001
  4.8172358e-001  0.0000000e+000  2.3482146e-001  3.3204245e-001
  5.5280214e-001  0.0000000e+000  2.7273076e-001  3.5068771e-001
  6.3633499e-001  0.0000000e+000  3.2903331e-001  3.7827013e-001
  7.4067849e-001  0.0000000e+000  4.1941310e-001  4.2695119e-001
  6.4387691e-001  0.0000000e+000  4.1286711e-001  3.7702744e-001
  6.4387691e-001  0.0000000e+000  4.8112010e-001  4.0030408e-001
  5.5477228e-001  0.0000000e+000  5.0084547e-001  3.7975704e-001
  4.6687119e-001  0.0000000e+000  5.2733411e-001  3.6122981e-001
  4.1759674e-001  0.0000000e+000  6.2390943e-001  3.7645146e-001
  2.5040394e-001  0.0000000e+000  5.0020961e-001  2.6387814e-001
  1.8560670e-001  0.0000000e+000  4.7259784e-001  2.2380931e-001
  1.4198946e-001  0.0000000e+000  4.4211915e-001  1.9337825e-001
  1.4198946e-001  0.0000000e+000  5.2047064e-001  2.1787820e-001
  1.1726316e-001  0.0000000e+000  4.7202668e-001  2.0110755e-001
  9.8543004e-002  0.0000000e+000  3.9449321e-001  1.8392152e-001
  8.8634448e-002  0.0000000e+000  3.2381852e-001  1.7540746e-001
  8.2303846e-002  0.0000000e+000  2.5768041e-001  1.6897586e-001
  7.7690620e-002  0.0000000e+000  2.0138929e-001  1.6258005e-001
  7.5218495e-002  0.0000000e+000  1.6010543e-001  1.5833889e-001
  7.5428342e-002  0.0000000e+000  1.3295570e-001  1.5820982e-001
  7.8256597e-002  0.0000000e+000  1.1620209e-001  1.6238176e-001
  8.3442022e-002  0.0000000e+000  1.0664515e-001  1.7026723e-001
  9.0684510e-002  0.0000000e+000  1.0212759e-001  1.8099779e-001
  9.9482929e-002  0.0000000e+000  1.0105011e-001  1.9323140e-001
  1.0901502e-001  0.0000000e+000  1.0201130e-001  2.0508532e-001
  1.1943449e-001  0.0000000e+000  1.0474877e-001  2.1665498e-001
  1.2948478e-001  0.0000000e+000  1.0779241e-001  2.2558468e-001
  1.3909400e-001  0.0000000e+000  1.1084444e-001  2.3193643e-001
  1.4879901e-001  0.0000000e+000  1.1408098e-001  2.3677880e-001
  1.5919775e-001  0.0000000e+000  1.1770315e-001  2.4108031e-001
  1.7079451e-001  0.0000000e+000  1.2183879e-001  2.4545567e-001
  1.8401744e-001  0.0000000e+000  1.2655997e-001  2.5023496e-001
  1.9928610e-001  0.0000000e+000  1.3192558e-001  2.5559068e-001
  2.1707418e-001  0.0000000e+000  1.3801700e-001  2.6162592e-001
  2.3796151e-001  0.0000000e+000  1.4496969e-001  2.6842195e-001
  2.6267991e-001  0.0000000e+000  1.5301151e-001  2.7606140e-001
  2.9215224e-001  0.0000000e+000  1.6252043e-001  2.8463962e-001
  3.2750997e-001  0.0000000e+000  1.7411651e-001  2.9427354e-001
  3.7005262e-001  0.0000000e+000  1.8880583e-001  3.0512424e-001
  4.2109650e-001  0.0000000e+000  2.0819653e-001  3.1748141e-001
  4.8172691e-001  0.0000000e+000  2.3482305e-001  3.3204327e-001
  5.5280602e-001  0.0000000e+000  2.7273307e-001  3.5068882e-001
  6.3633960e-001  0.0000000e+000  3.2903681e-001  3.7827190e-001
  7.4068464e-001  0.0000000e+000  4.1941907e-001  4.2695459e-001
  6.4386492e-001  0.0000000e+000  4.1286235e-001  3.7702115e-001
  6.4386492e-001  0.0000000e+000  4.8111407e-001  4.0029773e-001
  5.5476903e-001  0.0000000e+000  5.0084535e-001  3.7975596e-001
  4.6686940e-001  0.0000000e+000  5.2733559e-001  3.6122974e-001
  4.1759592e-001  0.0000000e+000  6.2391365e-001  3.7645251e-001
  2.5039757e-001  0.0000000e+000  5.0020073e-001  2.6387252e-001
  1.8560641e-001  0.0000000e+000  4.7259966e-001  2.2380966e-001
  1.4198840e-001  0.0000000e+000  4.4211790e-001  1.9337739e-001
  1.4198840e-001  0.0000000e+000  5.2046815e-001  2.1787708e-001
  1.1726270e-001  0.0000000e+000  4.7202513e-001  2.0110708e-001
  9.8542793e-002  0.0000000e+000  3.9449201e-001  1.8392133e-001
  8.8634332e-002  0.0000000e+000  3.2381741e-001  1.7540736e-001
  8.2303764e-002  0.0000000e+000  2.5767940e-001  1.6897577e-001
  7.7690566e-002  0.0000000e+000  2.0138850e-001  1.6257996e-001
  7.5218482e-002  0.0000000e+000  1.6010489e-001  1.5833886e-001
  7.5428374e-002  0.0000000e+000  1.3295536e-001  1.5820986e-001
  7.8256669e-002  0.0000000e+000  1.1620189e-001  1.6238187e-001
  8.3442132e-002  0.0000000e+000  1.0664505e-001  1.7026739e-001
  9.0684650e-002  0.0000000e+000  1.0212755e-001  1.8099799e-001
  9.9483090e-002  0.0000000e+000  1.0105012e-001  1.9323161e-001
  1.0901519e-001  0.0000000e+000  1.0201133e-001  2.0508551e-001
  1.1943466e-001  0.0000000e+000  1.0474882e-001  2.1665516e-001
  1.2948494e-001  0.0000000e+000  1.0779247e-001  2.2558481e-001
  1.3909417e-001  0.0000000e+000  1.1084449e-001  2.3193652e-001
  1.4879918e-001  0.0000000e+000  1.1408104e-001  2.3677888e-001
  1.5919794e-001  0.0000000e+000  1.1770321e-001  2.4108039e-001
  1.7079472e-001  0.0000000e+000  1.2183887e-001  2.4545575e-001
  1.8401768e-001  0.0000000e+000  1.2656006e-001  2.5023504e-001
  1.9928638e-001  0.0000000e+000  1.3192568e-001  2.5559077e-001
  2.1707451e-001  0.0000000e+000  1.3801711e-001  2.6162603e-001
  2.3796189e-001  0.0000000e+000  1.4496982e-001  2.6842207e-001
  2.6268037e-001  0.0000000e+000  1.5301166e-001  2.7606154e-001
  2.9215279e-001  0.0000000e+000  1.6252061e-001  2.8463978e-001
  3.2751063e-001  0.0000000e+000  1.7411673e-001  2.9427371e-001
  3.7005341e-001  0.0000000e+000  1.8880612e-001  3.0512444e-001
  4.2109746e-001  0.0000000e+000  2.0819691e-001  3.1748164e-001
  4.8172803e-001  0.0000000e+000  2.3482359e-001  3.3204354e-001
  5.5280733e-001  0.0000000e+000  2.7273385e-001  3.5068919e-001
  6.3634117e-001  0.0000000e+000  3.2903800e-001  3.7827251e-001
  7.4068673e-001  0.0000000e+000  4.1942109e-001  4.2695575e-001
  6.4386086e-001  0.0000000e+000  4.1286074e-001  3.7701903e-001
  6.4386086e-001  0.0000000e+000  4.8111203e-001  4.0029558e-001
  5.5476793e-001  0.0000000e+000  5.0084531e-001  3.7975560e-001
  4.6686879e-001  0.0000000e+000  5.2733610e-001  3.6122972e-001
  4.1759565e-001  0.0000000e+000  6.2391510e-001  3.7645287e-001
  2.5039539e-001  0.0000000e+000  5.0019770e-001  2.6387061e-001
  1.8560632e-001  0.0000000e+000  4.7260028e-001  2.2380978e-001
  1.4198804e-001  0.0000000e+000  4.4211748e-001  1.9337710e-001
  1.4198804e-001  0.0000000e+000  5.2046730e-001  2.1787670e-001
  1.1726254e-001  0.0000000e+000  4.7202461e-001  2.0110692e-001
  9.8542719e-002  0.0000000e+000  3.9449160e-001  1.8392127e-001
  8.8634292e-002  0.0000000e+000  3.2381703e-001  1.7540733e-001
  8.2303736e-002  0.0000000e+000  2.5767905e-001  1.6897573e-001
  7.7690547e-002  0.0000000e+000  2.0138823e-001  1.6257993e-001
  7.5218478e-002  0.0000000e+000  1.6010470e-001  1.5833885e-001
  7.5428385e-002  0.0000000e+000  1.3295524e-001  1.5820988e-001
  7.8256694e-002  0.0000000e+000  1.1620182e-001  1.6238191e-001
  8.3442169e-002  0.0000000e+000  1.0664501e-001  1.7026745e-001
  9.0684699e-002  0.0000000e+000  1.0212754e-001  1.8099806e-001
  9.9483144e-002  0.0000000e+000  1.0105012e-001  1.9323168e-001
  1.0901524e-001  0.0000000e+000  1.0201134e-001  2.0508557e-001
  1.1943473e-001  0.0000000e+000  1.0474884e-001  2.1665522e-001
  1.2948500e-001  0.0000000e+000  1.0779249e-001  2.2558485e-001
  1.3909422e-001  0.0000000e+000  1.1084451e-001  2.3193656e-001
  1.4879924e-001  0.0000000e+000  1.1408106e-001  2.3677891e-001
  1.5919800e-001  0.0000000e+000  1.1770324e-001  2.4108041e-001
  1.7079479e-001  0.0000000e+000  1.2183889e-001  2.4545577e-001
  1.8401777e-001  0.0000000e+000  1.2656009e-001  2.5023507e-001
  1.9928648e-001  0.0000000e+000  1.3192571e-001  2.5559081e-001
  2.1707462e-001  0.0000000e+000  1.3801715e-001  2.6162607e-001
  2.3796203e-001  0.0000000e+000  1.4496987e-001  2.6842212e-001
  2.6268052e-001  0.0000000e+000  1.5301171e-001  2.7606159e-001
  2.9215298e-001  0.0000000e+000  1.6252067e-001  2.8463983e-001
  3.2751086e-001  0.0000000e+000  1.7411681e-001  2.9427377e-001
  3.7005368e-001  0.0000000e+000  1.8880621e-001  3.0512451e-001
  4.2109778e-001  0.0000000e+000  2.0819704e-001  3.1748172e-001
  4.8172841e-001  0.0000000e+000  2.3482377e-001  3.3204363e-001
  5.5280778e-001  0.0000000e+000  2.7273411e-001  3.5068932e-001
  6.3634170e-001  0.0000000e+000  3.2903841e-001  3.7827271e-001
  7.4068743e-001  0.0000000e+000  4.1942177e-001  4.2695613e-001
  6.4385948e-001  0.0000000e+000  4.1286019e-001  3.7701830e-001
  6.4385948e-001  0.0000000e+000  4.8111133e-001  4.0029485e-001
  5.5476756e-001  0.0000000e+000  5.0084530e-001  3.7975548e-001
  4.6686858e-001  0.0000000e+000  5.2733627e-001  3.6122972e-001
  4.1759556e-001  0.0000000e+000  6.2391559e-001  3.7645299e-001
  2.5039466e-001  0.0000000e+000  5.0019668e-001  2.6386996e-001
  1.8560629e-001  0.0000000e+000  4.7260048e-001  2.2380982e-001
  1.4198792e-001  0.0000000e+000  4.4211734e-001  1.9337700e-001
  1.4198792e-001  0.0000000e+000  5.2046701e-001  2.1787658e-001
  1.1726249e-001  0.0000000e+000  4.7202443e-001  2.0110686e-001
  9.8542695e-002  0.0000000e+000  3.9449146e-001  1.8392125e-001
  8.8634278e-002  0.0000000e+000  3.2381690e-001  1.7540732e-001
  8.2303727e-002  0.0000000e+000  2.5767894e-001  1.6897572e-001
  7.7690541e-002  0.0000000e+000  2.0138814e-001  1.6257992e-001
  7.5218476e-002  0.0000000e+000  1.6010464e-001  1.5833885e-001
  7.5428388e-002  0.0000000e+000  1.3295520e-001  1.5820988e-001
  7.8256702e-002  0.0000000e+000  1.1620180e-001  1.6238192e-001
  8.3442182e-002  0.0000000e+000  1.0664500e-001  1.7026747e-001
  9.0684714e-002  0.0000000e+000  1.0212754e-001  1.8099808e-001
  9.9483163e-002  0.0000000e+000  1.0105012e-001  1.9323171e-001
  1.0901526e-001  0.0000000e+000  1.0201134e-001  2.0508559e-001
  1.1943475e-001  0.0000000e+000  1.0474885e-001  2.1665525e-001
  1.2948502e-001  0.0000000e+000  1.0779249e-001  2.2558487e-001
  1.3909424e-001  0.0000000e+000  1.1084452e-001  2.3193657e-001
  1.4879926e-001  0.0000000e+000  1.1408107e-001  2.3677891e-001
  1.5919803e-001  0.0000000e+000  1.1770325e-001  2.4108042e-001
  1.7079482e-001  0.0000000e+000  1.2183890e-001  2.4545578e-001
  1.8401779e-001  0.0000000e+000  1.2656010e-001  2.5023508e-001
  1.9928651e-001  0.0000000e+000  1.3192572e-001  2.5559082e-001
  2.1707466e-001  0.0000000e+000  1.3801716e-001  2.6162608e-001
  2.3796207e-001  0.0000000e+000  1.4496988e-001  2.6842213e-001
  2.6268058e-001  0.0000000e+000  1.5301173e-001  2.7606160e-001
  2.9215304e-001  0.0000000e+000  1.6252069e-001  2.8463985e-001
  3.2751093e-001  0.0000000e+000  1.7411683e-001  2.9427379e-001
  3.7005378e-001  0.0000000e+000  1.8880625e-001  3.0512453e-001
  4.2109789e-001  0.0000000e+000  2.0819709e-001  3.1748174e-001
  4.8172854e-001  0.0000000e+000  2.3482383e-001  3.3204367e-001
  5.5280793e-001  0.0000000e+000  2.7273420e-001  3.5068936e-001
  6.3634188e-001  0.0000000e+000  3.2903854e-001  3.7827278e-001
  7.4068767e-001  0.0000000e+000  4.1942201e-001  4.2695627e-001
  6.4385902e-001  0.0000000e+000  4.1286001e-001  3.7701806e-001
  6.4385902e-001  0.0000000e+000  4.8111110e-001  4.0029460e-001
  5.5476743e-001  0.0000000e+000  5.0084530e-001  3.7975543e-001
  4.6686851e-001  0.0000000e+000  5.2733632e-001  3.6122971e-001
  4.1759553e-001  0.0000000e+000  6.2391576e-001  3.7645304e-001
  2.5039441e-001  0.0000000e+000  5.0019633e-001  2.6386974e-001
  1.8560628e-001  0.0000000e+000  4.7260056e-001  2.2380984e-001
  1.4198788e-001  0.0000000e+000  4.4211729e-001  1.9337697e-001
  1.4198788e-001  0.0000000e+000  5.2046691e-001  2.1787653e-001
  1.1726247e-001  0.0000000e+000  4.7202437e-001  2.0110685e-001
  9.8542687e-002  0.0000000e+000  3.9449142e-001  1.8392124e-001
  8.8634273e-002  0.0000000e+000  3.2381686e-001  1.7540731e-001
  8.2303724e-002  0.0000000e+000  2.5767890e-001  1.6897572e-001
  7.7690539e-002  0.0000000e+000  2.0138811e-001  1.6257992e-001
  7.5218476e-002  0.0000000e+000  1.6010462e-001  1.5833884e-001
  7.5428389e-002  0.0000000e+000  1.3295519e-001  1.5820988e-001
  7.8256705e-002  0.0000000e+000  1.1620179e-001  1.6238192e-001
  8.3442186e-002  0.0000000e+000  1.0664499e-001  1.7026747e-001
  9.0684720e-002  0.0000000e+000  1.0212753e-001  1.8099809e-001
  9.9483169e-002  0.0000000e+000  1.0105012e-001  1.9323172e-001
  1.0901527e-001  0.0000000e+000  1.0201134e-001  2.0508560e-001
  1.1943475e-001  0.0000000e+000  1.0474885e-001  2.1665525e-001
  1.2948503e-001  0.0000000e+000  1.0779250e-001  2.2558487e-001
  1.3909425e-001  0.0000000e+000  1.1084452e-001  2.3193657e-001
  1.4879927e-001  0.0000000e+000  1.1408107e-001  2.3677892e-001
  1.5919803e-001  0.0000000e+000  1.1770325e-001  2.4108042e-001
  1.7079482e-001  0.0000000e+000  1.2183890e-001  2.4545579e-001
  1.8401780e-001  0.0000000e+000  1.2656010e-001  2.5023509e-001
  1.9928652e-001  0.0000000e+000  1.3192572e-001  2.5559082e-001
  2.1707467e-001  0.0000000e+000  1.3801717e-001  2.6162609e-001
  2.3796209e-001  0.0000000e+000  1.4496989e-001  2.6842214e-001
  2.6268059e-001  0.0000000e+000  1.5301174e-001  2.7606161e-001
  2.9215306e-001  0.0000000e+000  1.6252070e-001  2.8463986e-001
  3.2751096e-001  0.0000000e+000  1.7411684e-001  2.9427380e-001
  3.7005381e-001  0.0000000e+000  1.8880626e-001  3.0512454e-001
  4.2109793e-001  0.0000000e+000  2.0819710e-001  3.1748175e-001
  4.8172858e-001  0.0000000e+000  2.3482385e-001  3.3204368e-001
  5.5280798e-001  0.0000000e+000  2.7273423e-001  3.5068938e-001
  6.3634194e-001  0.0000000e+000  3.2903859e-001  3.7827280e-001
  7.4068776e-001  0.0000000e+000  4.1942209e-001  4.2695632e-001
  6.4385886e-001  0.0000000e+000  4.1285994e-001  3.7701797e-001
  6.4385886e-001  0.0000000e+000  4.8111102e-001  4.0029452e-001
  5.5476738e-001  0.0000000e+000  5.0084529e-001  3.7975542e-001
  4.6686849e-001  0.0000000e+000  5.2733635e-001  3.6122971e-001
  4.1759551e-001  0.0000000e+000  6.2391580e-001  3.7645305e-001
  2.5039433e-001  0.0000000e+000  5.0019622e-001  2.6386967e-001
  1.8560627e-001  0.0000000e+000  4.7260058e-001  2.2380984e-001
  1.4198786e-001  0.0000000e+000  4.4211727e-001  1.9337696e-001
  1.4198786e-001  0.0000000e+000  5.2046688e-001  2.1787652e-001
  1.1726246e-001  0.0000000e+000  4.7202435e-001  2.0110684e-001
  9.8542684e-002  0.0000000e+000  3.9449140e-001  1.8392124e-001
  8.8634273e-002  0.0000000e+000  3.2381685e-001  1.7540731e-001
  8.2303723e-002  0.0000000e+000  2.5767889e-001  1.6897572e-001
  7.7690538e-002  0.0000000e+000  2.0138810e-001  1.6257992e-001
  7.5218475e-002  0.0000000e+000  1.6010461e-001  1.5833884e-001
  7.5428390e-002  0.0000000e+000  1.3295518e-001  1.5820988e-001
  7.8256706e-002  0.0000000e+000  1.1620179e-001  1.6238192e-001
  8.3442187e-002  0.0000000e+000  1.0664499e-001  1.7026748e-001
  9.0684722e-002  0.0000000e+000  1.0212753e-001  1.8099809e-001
  9.9483171e-002  0.0000000e+000  1.0105012e-001  1.9323172e-001
  1.0901527e-001  0.0000000e+000  1.0201134e-001  2.0508560e-001
  1.1943476e-001  0.0000000e+000  1.0474885e-001  2.1665526e-001
  1.2948503e-001  0.0000000e+000  1.0779250e-001  2.2558487e-001
  1.3909425e-001  0.0000000e+000  1.1084452e-001  2.3193657e-001
  1.4879927e-001  0.0000000e+000  1.1408107e-001  2.3677892e-001
  1.5919803e-001  0.0000000e+000  1.1770325e-001  2.4108042e-001
  1.7079483e-001  0.0000000e+000  1.2183890e-001  2.4545579e-001
  1.8401781e-001  0.0000000e+000  1.2656011e-001  2.5023509e-001
  1.9928652e-001  0.0000000e+000  1.3192573e-001  2.5559082e-001
  2.1707468e-001  0.0000000e+000  1.3801717e-001  2.6162609e-001
  2.3796209e-001  0.0000000e+000  1.4496989e-001  2.6842214e-001
  2.6268060e-001  0.0000000e+000  1.5301174e-001  2.7606161e-001
  2.9215307e-001  0.0000000e+000  1.6252070e-001  2.8463986e-001
  3.2751097e-001  0.0000000e+000  1.7411684e-001  2.9427380e-001
  3.7005382e-001  0.0000000e+000  1.8880626e-001  3.0512454e-001
  4.2109794e-001  0.0000000e+000  2.0819711e-001  3.1748176e-001
  4.8172860e-001  0.0000000e+000  2.3482386e-001  3.3204368e-001
  5.5280800e-001  0.0000000e+000  2.7273424e-001  3.5068938e-001
  6.3634197e-001  0.0000000e+000  3.2903861e-001  3.7827281e-001
  7.4068778e-001  0.0000000e+000  4.1942211e-001  4.2695633e-001
  6.0261787e-001  0.0000000e+000  3.8464422e-001  3.5229403e-001
  6.0261787e-001  0.0000000e+000  3.8464422e-001  3.5229403e-001
