  0.0000000e+000  1.0000000e+000
  5.7202514e-003  9.9643276e-001
  3.4201653e-002  9.7890545e-001
  6.5680532e-002  9.5998265e-001
  9.7765103e-002  9.4117348e-001
  1.3201388e-001  9.2161865e-001
  1.7451946e-001  8.9808596e-001
  2.2669922e-001  8.7028657e-001
  2.9033120e-001  8.3796365e-001
  3.6766516e-001  8.0093192e-001
  4.6162643e-001  7.5911965e-001
  5.7611651e-001  7.1264814e-001
  7.1645889e-001  6.6198478e-001
  8.9005934e-001  6.0823791e-001
  1.1073891e+000  5.5371402e-001
  1.3835981e+000  5.0292534e-001
  1.7152488e+000  4.6633958e-001
  2.0415775e+000  4.5347959e-001
  2.3603088e+000  4.6083943e-001
  2.6721891e+000  4.8591145e-001
  2.9723761e+000  5.2704811e-001
  3.2479982e+000  5.8206764e-001
  3.4858950e+000  6.4862085e-001
  3.6771364e+000  7.2546810e-001
  3.8167151e+000  8.1345337e-001
  3.9003468e+000  9.1600339e-001
  3.9210565e+000  1.0400885e+000
  3.8647997e+000  1.1990781e+000
  3.7000749e+000  1.4214081e+000
  3.3361768e+000  1.7864726e+000
  3.0531120e+000  2.0443985e+000
  2.6302971e+000  2.4168331e+000
  2.2892824e+000  2.7121395e+000
  1.8679176e+000  3.0722115e+000
  1.4625216e+000  3.4116257e+000
  1.1266434e+000  3.6834683e+000
  8.6032717e-001  3.8876290e+000
  6.5801312e-001  4.0299429e+000
  5.0910984e-001  4.1212445e+000
  4.0077429e-001  4.1740169e+000
  3.2178129e-001  4.1986838e+000
  2.6387210e-001  4.2026026e+000
  2.2132511e-001  4.1906363e+000
  1.9019656e-001  4.1659041e+000
  1.6773998e-001  4.1303112e+000
  1.5202842e-001  4.0848772e+000
  1.4171414e-001  4.0299465e+000
  1.3587227e-001  3.9653549e+000
  1.3389265e-001  3.8906282e+000
  1.3539250e-001  3.8053041e+000
  1.4014920e-001  3.7090783e+000
  1.4802827e-001  3.6025227e+000
  1.5885708e-001  3.4878311e+000
  1.7244543e-001  3.3677950e+000
  1.8867379e-001  3.2448470e+000
  2.0756213e-001  3.1205938e+000
  2.2928199e-001  2.9959134e+000
  2.5414100e-001  2.8712272e+000
  2.8256948e-001  2.7467124e+000
  3.1511894e-001  2.6224243e+000
  3.5247253e-001  2.4983568e+000
  3.9546569e-001  2.3744733e+000
  4.4511639e-001  2.2507226e+000
  5.0266525e-001  2.1270514e+000
  5.6962626e-001  2.0034188e+000
  6.4784867e-001  1.8798193e+000
  7.3958831e-001  1.7563227e+000
  8.4758100e-001  1.6331449e+000
  9.7509716e-001  1.5107701e+000
  1.1259285e+000  1.3901572e+000
  1.3042051e+000  1.2730660e+000
  1.5138671e+000  1.1625207e+000
  1.7575783e+000  1.0633379e+000
  2.0350353e+000  9.8249646e-001
  2.3410402e+000  9.2922363e-001
  2.6634280e+000  9.1592833e-001
  2.9118489e+000  9.4804619e-001
  3.0895733e+000  1.0276633e+000
  3.1524037e+000  1.1459350e+000
  3.1017111e+000  1.3074616e+000
  2.9105385e+000  1.5455308e+000
  2.6526755e+000  1.7925147e+000
  2.3719683e+000  2.0370759e+000
  2.0707956e+000  2.2875980e+000
  1.6869231e+000  2.5955252e+000
  1.3279564e+000  2.8708226e+000
  1.0282729e+000  3.0854719e+000
  7.8941137e-001  3.2379419e+000
  6.1058883e-001  3.3304106e+000
  4.8404851e-001  3.3723351e+000
  3.9702441e-001  3.3765625e+000
  3.3789806e-001  3.3533347e+000
  2.9869219e-001  3.3089462e+000
  2.7442219e-001  3.2469923e+000
  2.6201239e-001  3.1696915e+000
  2.5952697e-001  3.0789190e+000
  2.6564356e-001  2.9769791e+000
  2.7944746e-001  2.8659729e+000
  3.0026055e-001  2.7487326e+000
  3.2760637e-001  2.6279317e+000
  3.6135376e-001  2.5053675e+000
  4.0176363e-001  2.3820431e+000
  4.4947248e-001  2.2584431e+000
  5.0547054e-001  2.1347711e+000
  5.7110307e-001  2.0111026e+000
  6.4809893e-001  1.8874804e+000
  7.3862069e-001  1.7639900e+000
  8.4532472e-001  1.6408447e+000
  9.7140833e-001  1.5185136e+000
  1.1205947e+000  1.3979246e+000
  1.2969564e+000  1.2807847e+000
  1.5044061e+000  1.1700337e+000
  1.7456442e+000  1.0703676e+000
  2.0205005e+000  9.8861936e-001
  2.3240126e+000  9.3385540e-001
  2.6443734e+000  9.1820041e-001
  2.8997777e+000  9.4891476e-001
  3.0822886e+000  1.0290143e+000
  3.1455223e+000  1.1473566e+000
  3.0946120e+000  1.3090144e+000
  2.9027578e+000  1.5474467e+000
  2.6461037e+000  1.7930422e+000
  2.3652416e+000  2.0375619e+000
  2.0645327e+000  2.2874789e+000
  1.6817736e+000  2.5941723e+000
  1.3238296e+000  2.8682580e+000
  1.0250054e+000  3.0817844e+000
  7.8692999e-001  3.2331474e+000
  6.0885286e-001  3.3245237e+000
  4.8298968e-001  3.3654209e+000
  3.9654716e-001  3.3687085e+000
  3.3791967e-001  3.3446005e+000
  2.9916349e-001  3.2993524e+000
  2.7532692e-001  3.2365378e+000
  2.6335914e-001  3.1583853e+000
  2.6133723e-001  3.0668215e+000
  2.6793813e-001  2.9642286e+000
  2.8225318e-001  2.8527009e+000
  3.0360115e-001  2.7351366e+000
  3.3151758e-001  2.6141632e+000
  3.6589416e-001  2.4915191e+000
  4.0701922e-001  2.3681628e+000
  4.5555870e-001  2.2445522e+000
  5.1253492e-001  2.1208781e+000
  5.7932973e-001  1.9972115e+000
  6.5771496e-001  1.8735979e+000
  7.4990359e-001  1.7501329e+000
  8.5860957e-001  1.6270515e+000
  9.8709071e-001  1.5048624e+000
  1.1391214e+000  1.3845630e+000
  1.3187883e+000  1.2679741e+000
  1.5299303e+000  1.1582071e+000
  1.7750147e+000  1.0601846e+000
  2.0534249e+000  9.8098852e-001
  2.3595396e+000  9.2994804e-001
  2.6805745e+000  9.1974764e-001
  2.9192368e+000  9.5397008e-001
  3.0882647e+000  1.0344836e+000
  3.1453838e+000  1.1546060e+000
  3.0882375e+000  1.3191530e+000
  2.8869975e+000  1.5634239e+000
  2.6347186e+000  1.8030215e+000
  2.3498540e+000  2.0503272e+000
  2.0495292e+000  2.2994675e+000
  1.6695875e+000  2.6034603e+000
  1.3137260e+000  2.8754719e+000
  1.0167770e+000  3.0870680e+000
  7.8058701e-001  3.2365024e+000
  6.0427293e-001  3.3261301e+000
  4.7982541e-001  3.3656576e+000
  3.9440183e-001  3.3679451e+000
  3.3649577e-001  3.3430821e+000
  2.9827189e-001  3.2972192e+000
  2.7485194e-001  3.2338705e+000
  2.6323001e-001  3.1552425e+000
  2.6150864e-001  3.0632687e+000
  2.6837654e-001  2.9603556e+000
  2.8293795e-001  2.8485758e+000
  3.0451542e-001  2.7308594e+000
  3.3265434e-001  2.6098067e+000
  3.6725935e-001  2.4871266e+000
  4.0863192e-001  2.3637563e+000
  4.5745040e-001  2.2401415e+000
  5.1474933e-001  2.1164668e+000
  5.8192360e-001  1.9928012e+000
  6.6075962e-001  1.8691907e+000
  7.5348713e-001  1.7457342e+000
  8.6283886e-001  1.6226738e+000
  9.9209214e-001  1.5005315e+000
  1.1450374e+000  1.3803272e+000
  1.3257649e+000  1.2639192e+000
  1.5380876e+000  1.1544748e+000
  1.7843949e+000  1.0569894e+000
  2.0639242e+000  9.7862420e-001
  2.3708410e+000  9.2879344e-001
  2.6920384e+000  9.2037719e-001
  2.9255384e+000  9.5569000e-001
  3.0903433e+000  1.0364001e+000
  3.1453368e+000  1.1571631e+000
  3.0859870e+000  1.3227431e+000
  2.8813834e+000  1.5691249e+000
  2.6307342e+000  1.8065606e+000
  2.3444570e+000  2.0548511e+000
  2.0442620e+000  2.3037256e+000
  1.6652925e+000  2.6067863e+000
  1.3101606e+000  2.8780721e+000
  1.0138746e+000  3.0889881e+000
  7.7835224e-001  3.2377431e+000
  6.0266067e-001  3.3267576e+000
  4.7871062e-001  3.3658078e+000
  3.9364364e-001  3.3677490e+000
  3.3598925e-001  3.3426260e+000
  2.9795038e-001  3.2965524e+000
  2.7467454e-001  3.2330220e+000
  2.6317150e-001  3.1542329e+000
  2.6155265e-001  3.0621210e+000
  2.6851089e-001  2.9591008e+000
  2.8315501e-001  2.8472368e+000
  3.0480894e-001  2.7294699e+000
  3.3302151e-001  2.6083910e+000
  3.6770175e-001  2.4856991e+000
  4.0915556e-001  2.3623242e+000
  4.5806541e-001  2.2387080e+000
  5.1546989e-001  2.1150331e+000
  5.8276816e-001  1.9913678e+000
  6.6175142e-001  1.8677584e+000
  7.5465489e-001  1.7443047e+000
  8.6421745e-001  1.6212513e+000
  9.9372275e-001  1.4991243e+000
  1.1469664e+000  1.3789515e+000
  1.3280397e+000  1.2626031e+000
  1.5407469e+000  1.1532648e+000
  1.7874516e+000  1.0559558e+000
  2.0673432e+000  9.7786301e-001
  2.3745175e+000  9.2842863e-001
  2.6957612e+000  9.2059829e-001
  2.9275961e+000  9.5626333e-001
  3.0910324e+000  1.0370435e+000
  3.1453156e+000  1.1580229e+000
  3.0852252e+000  1.3239515e+000
  2.8794853e+000  1.5710486e+000
  2.6293957e+000  1.8077506e+000
  2.3426435e+000  2.0563724e+000
  2.0424920e+000  2.3051580e+000
  1.6638476e+000  2.6079070e+000
  1.3089607e+000  2.8789488e+000
  1.0128981e+000  3.0896358e+000
  7.7760074e-001  3.2381620e+000
  6.0211871e-001  3.3269703e+000
  4.7833589e-001  3.3658602e+000
  3.9338870e-001  3.3676852e+000
  3.3581883e-001  3.3424750e+000
  2.9784209e-001  3.2963308e+000
  2.7461462e-001  3.2327394e+000
  2.6315148e-001  3.1538963e+000
  2.6156701e-001  3.0617383e+000
  2.6855551e-001  2.9586823e+000
  2.8322731e-001  2.8467902e+000
  3.0490681e-001  2.7290064e+000
  3.3314400e-001  2.6079187e+000
  3.6784939e-001  2.4852229e+000
  4.0933035e-001  2.3618465e+000
  4.5827072e-001  2.2382298e+000
  5.1571046e-001  2.1145549e+000
  5.8305015e-001  1.9908897e+000
  6.6208259e-001  1.8672806e+000
  7.5504485e-001  1.7438279e+000
  8.6467783e-001  1.6207768e+000
  9.9426731e-001  1.4986550e+000
  1.1476107e+000  1.3784927e+000
  1.3287994e+000  1.2621643e+000
  1.5416349e+000  1.1528615e+000
  1.7884721e+000  1.0556115e+000
  2.0684844e+000  9.7760993e-001
  2.3757443e+000  9.2830814e-001
  2.6970026e+000  9.2067392e-001
  2.9282835e+000  9.5645622e-001
  3.0912635e+000  1.0372604e+000
  3.1453077e+000  1.1583129e+000
  3.0849676e+000  1.3243593e+000
  2.8788437e+000  1.5716982e+000
  2.6289443e+000  1.8081519e+000
  2.3420319e+000  2.0568855e+000
  2.0418950e+000  2.3056411e+000
  1.6633601e+000  2.6082851e+000
  1.3085559e+000  2.8792447e+000
  1.0125686e+000  3.0898544e+000
  7.7734724e-001  3.2383034e+000
  6.0193591e-001  3.3270421e+000
  4.7820951e-001  3.3658780e+000
  3.9330272e-001  3.3676638e+000
  3.3576135e-001  3.3424241e+000
  2.9780556e-001  3.2962562e+000
  2.7459441e-001  3.2326442e+000
  2.6314472e-001  3.1537829e+000
  2.6157184e-001  3.0616093e+000
  2.6857055e-001  2.9585412e+000
  2.8325168e-001  2.8466396e+000
  3.0493980e-001  2.7288502e+000
  3.3318529e-001  2.6077596e+000
  3.6789916e-001  2.4850624e+000
  4.0938926e-001  2.3616855e+000
  4.5833993e-001  2.2380687e+000
  5.1579155e-001  2.1143937e+000
  5.8314521e-001  1.9907286e+000
  6.6219424e-001  1.8671196e+000
  7.5517631e-001  1.7436672e+000
  8.6483303e-001  1.6206170e+000
  9.9445089e-001  1.4984969e+000
  1.1478278e+000  1.3783381e+000
  1.3290555e+000  1.2620164e+000
  1.5419342e+000  1.1527256e+000
  1.7888161e+000  1.0554956e+000
  2.0688691e+000  9.7752475e-001
  2.3761577e+000  9.2826767e-001
  2.6974209e+000  9.2069962e-001
  2.9285152e+000  9.5652141e-001
  3.0913416e+000  1.0373337e+000
  3.1453050e+000  1.1584109e+000
  3.0848804e+000  1.3244972e+000
  2.8786266e+000  1.5719180e+000
  2.6287916e+000  1.8082876e+000
  2.3418251e+000  2.0570590e+000
  2.0416931e+000  2.3058045e+000
  1.6631952e+000  2.6084130e+000
  1.3084190e+000  2.8793448e+000
  1.0124572e+000  3.0899283e+000
  7.7726149e-001  3.2383512e+000
  6.0187409e-001  3.3270664e+000
  4.7816676e-001  3.3658840e+000
  3.9327363e-001  3.3676565e+000
  3.3574191e-001  3.3424069e+000
  2.9779320e-001  3.2962309e+000
  2.7458757e-001  3.2326120e+000
  2.6314243e-001  3.1537446e+000
  2.6157347e-001  3.0615657e+000
  2.6857564e-001  2.9584935e+000
  2.8325992e-001  2.8465887e+000
  3.0495096e-001  2.7287973e+000
  3.3319926e-001  2.6077058e+000
  3.6791599e-001  2.4850082e+000
  4.0940919e-001  2.3616311e+000
  4.5836334e-001  2.2380142e+000
  5.1581898e-001  2.1143392e+000
  5.8317736e-001  1.9906741e+000
  6.6223200e-001  1.8670652e+000
  7.5522077e-001  1.7436129e+000
  8.6488553e-001  1.6205629e+000
  9.9451299e-001  1.4984434e+000
  1.1479013e+000  1.3782858e+000
  1.3291421e+000  1.2619664e+000
  1.5420355e+000  1.1526797e+000
  1.7889325e+000  1.0554564e+000
  2.0689992e+000  9.7749595e-001
  2.3762976e+000  9.2825400e-001
  2.6975624e+000  9.2070833e-001
  2.9285936e+000  9.5654348e-001
  3.0913680e+000  1.0373586e+000
  3.1453040e+000  1.1584442e+000
  3.0848508e+000  1.3245439e+000
  2.8785530e+000  1.5719925e+000
  2.6287399e+000  1.8083336e+000
  2.3417550e+000  2.0571178e+000
  2.0416247e+000  2.3058599e+000
  1.6631393e+000  2.6084564e+000
  1.3083726e+000  2.8793787e+000
  1.0124195e+000  3.0899534e+000
  7.7723245e-001  3.2383674e+000
  6.0185315e-001  3.3270747e+000
  4.7815229e-001  3.3658860e+000
  3.9326379e-001  3.3676541e+000
  3.3573533e-001  3.3424011e+000
  2.9778902e-001  3.2962224e+000
  2.7458526e-001  3.2326011e+000
  2.6314166e-001  3.1537316e+000
  2.6157403e-001  3.0615509e+000
  2.6857736e-001  2.9584773e+000
  2.8326271e-001  2.8465715e+000
  3.0495474e-001  2.7287794e+000
  3.3320399e-001  2.6076876e+000
  3.6792169e-001  2.4849898e+000
  4.0941594e-001  2.3616126e+000
  4.5837126e-001  2.2379958e+000
  5.1582827e-001  2.1143208e+000
  5.8318825e-001  1.9906557e+000
  6.6224478e-001  1.8670468e+000
  7.5523583e-001  1.7435945e+000
  8.6490330e-001  1.6205446e+000
  9.9453401e-001  1.4984253e+000
  1.1479262e+000  1.3782681e+000
  1.3291714e+000  1.2619495e+000
  1.5420697e+000  1.1526641e+000
  1.7889719e+000  1.0554431e+000
  2.0690432e+000  9.7748620e-001
  2.3763449e+000  9.2824938e-001
  2.6976103e+000  9.2071129e-001
  2.9286201e+000  9.5655095e-001
  3.0913769e+000  1.0373670e+000
  3.1453037e+000  1.1584554e+000
  3.0848408e+000  1.3245597e+000
  2.8785281e+000  1.5720177e+000
  2.6287224e+000  1.8083492e+000
  2.3417313e+000  2.0571377e+000
  2.0416016e+000  2.3058786e+000
  1.6631204e+000  2.6084710e+000
  1.3083569e+000  2.8793902e+000
  1.0124067e+000  3.0899619e+000
  7.7722262e-001  3.2383729e+000
  6.0184606e-001  3.3270774e+000
  4.7814739e-001  3.3658867e+000
  3.9326045e-001  3.3676532e+000
  3.3573310e-001  3.3423991e+000
  2.9778760e-001  3.2962195e+000
  2.7458447e-001  3.2325974e+000
  2.6314139e-001  3.1537272e+000
  2.6157422e-001  3.0615459e+000
  2.6857794e-001  2.9584719e+000
  2.8326366e-001  2.8465657e+000
  3.0495602e-001  2.7287734e+000
  3.3320559e-001  2.6076814e+000
  3.6792362e-001  2.4849836e+000
  4.0941822e-001  2.3616064e+000
  4.5837394e-001  2.2379895e+000
  5.1583141e-001  2.1143145e+000
  5.8319193e-001  1.9906494e+000
  6.6224911e-001  1.8670405e+000
  7.5524092e-001  1.7435883e+000
  8.6490932e-001  1.6205384e+000
  9.9454112e-001  1.4984192e+000
  1.1479346e+000  1.3782622e+000
  1.3291814e+000  1.2619437e+000
  1.5420813e+000  1.1526589e+000
  1.7889852e+000  1.0554386e+000
  2.0690582e+000  9.7748290e-001
  2.3763609e+000  9.2824781e-001
  2.6976265e+000  9.2071229e-001
  2.9286291e+000  9.5655348e-001
  3.0913799e+000  1.0373698e+000
  3.1453036e+000  1.1584592e+000
  3.0848374e+000  1.3245651e+000
  2.8785197e+000  1.5720262e+000
  2.6287165e+000  1.8083544e+000
  2.3417233e+000  2.0571444e+000
  2.0415938e+000  2.3058849e+000
  1.6631140e+000  2.6084760e+000
  1.3083516e+000  2.8793940e+000
  1.0124024e+000  3.0899647e+000
  7.7721930e-001  3.2383748e+000
  6.0184367e-001  3.3270784e+000
  4.7814573e-001  3.3658869e+000
  3.9325933e-001  3.3676530e+000
  3.3573234e-001  3.3423985e+000
  2.9778712e-001  3.2962185e+000
  2.7458421e-001  3.2325961e+000
  2.6314131e-001  3.1537257e+000
  2.6157428e-001  3.0615442e+000
  2.6857814e-001  2.9584700e+000
  2.8326398e-001  2.8465637e+000
  3.0495645e-001  2.7287713e+000
  3.3320613e-001  2.6076793e+000
  3.6792427e-001  2.4849815e+000
  4.0941900e-001  2.3616043e+000
  4.5837485e-001  2.2379874e+000
  5.1583247e-001  2.1143124e+000
  5.8319318e-001  1.9906473e+000
  6.6225058e-001  1.8670384e+000
  7.5524265e-001  1.7435862e+000
  8.6491135e-001  1.6205363e+000
  9.9454354e-001  1.4984171e+000
  1.1479374e+000  1.3782601e+000
  1.3291847e+000  1.2619418e+000
  1.5420853e+000  1.1526571e+000
  1.7889897e+000  1.0554371e+000
  2.0690632e+000  9.7748178e-001
  2.3763664e+000  9.2824728e-001
  2.6976320e+000  9.2071263e-001
  2.9286321e+000  9.5655434e-001
  3.0913810e+000  1.0373708e+000
  3.1453036e+000  1.1584605e+000
  3.0848363e+000  1.3245669e+000
  2.8785168e+000  1.5720291e+000
  2.6287145e+000  1.8083562e+000
  2.3417205e+000  2.0571467e+000
  2.0415911e+000  2.3058871e+000
  1.6631118e+000  2.6084777e+000
  1.3083498e+000  2.8793954e+000
  1.0124009e+000  3.0899657e+000
  7.7721817e-001  3.2383754e+000
  6.0184285e-001  3.3270787e+000
  4.7814517e-001  3.3658870e+000
  3.9325894e-001  3.3676529e+000
  3.3573209e-001  3.3423982e+000
  2.9778696e-001  3.2962181e+000
  2.7458412e-001  3.2325957e+000
  2.6314128e-001  3.1537252e+000
  2.6157430e-001  3.0615436e+000
  2.6857821e-001  2.9584694e+000
  2.8326409e-001  2.8465630e+000
  3.0495660e-001  2.7287706e+000
  3.3320631e-001  2.6076786e+000
  3.6792449e-001  2.4849808e+000
  4.0941926e-001  2.3616036e+000
  4.5837516e-001  2.2379867e+000
  5.1583284e-001  2.1143117e+000
  5.8319360e-001  1.9906466e+000
  6.6225107e-001  1.8670377e+000
  7.5524324e-001  1.7435854e+000
  8.6491204e-001  1.6205356e+000
  9.9454435e-001  1.4984164e+000
  1.1479384e+000  1.3782594e+000
  1.3291859e+000  1.2619412e+000
  1.5420866e+000  1.1526565e+000
  1.7889912e+000  1.0554366e+000
  2.0690649e+000  9.7748140e-001
  2.3763682e+000  9.2824710e-001
  2.6976339e+000  9.2071274e-001
  2.9286332e+000  9.5655463e-001
  3.0913813e+000  1.0373711e+000
  3.1453036e+000  1.1584609e+000
  3.0848359e+000  1.3245675e+000
  2.8785158e+000  1.5720301e+000
  2.6287138e+000  1.8083568e+000
  2.3417196e+000  2.0571475e+000
  2.0415902e+000  2.3058878e+000
  1.6631111e+000  2.6084782e+000
  1.3083492e+000  2.8793958e+000
  1.0124004e+000  3.0899660e+000
  7.7721779e-001  3.2383756e+000
  6.0184257e-001  3.3270788e+000
  4.7814498e-001  3.3658870e+000
  3.9325881e-001  3.3676528e+000
  3.3573200e-001  3.3423982e+000
  2.9778690e-001  3.2962180e+000
  2.7458409e-001  3.2325956e+000
  2.6314127e-001  3.1537250e+000
  2.6157431e-001  3.0615434e+000
  2.6857823e-001  2.9584692e+000
  2.8326412e-001  2.8465628e+000
  3.0495665e-001  2.7287704e+000
  3.3320638e-001  2.6076784e+000
  3.6792457e-001  2.4849805e+000
  4.0941935e-001  2.3616033e+000
  4.5837527e-001  2.2379865e+000
  5.1583296e-001  2.1143115e+000
  5.8319375e-001  1.9906464e+000
  6.6225124e-001  1.8670375e+000
  7.5524343e-001  1.7435852e+000
  8.6491228e-001  1.6205353e+000
  9.9454463e-001  1.4984162e+000
  1.1479387e+000  1.3782592e+000
  1.3291863e+000  1.2619409e+000
  1.5420871e+000  1.1526563e+000
  1.7889918e+000  1.0554364e+000
  2.0690655e+000  9.7748128e-001
  2.3763688e+000  9.2824704e-001
  2.6976345e+000  9.2071278e-001
  2.9286335e+000  9.5655473e-001
  3.0913814e+000  1.0373712e+000
  3.1453036e+000  1.1584611e+000
  3.0848357e+000  1.3245677e+000
  2.8785155e+000  1.5720304e+000
  2.6287136e+000  1.8083570e+000
  2.3417193e+000  2.0571477e+000
  2.0415899e+000  2.3058881e+000
  1.6631109e+000  2.6084784e+000
  1.3083490e+000  2.8793960e+000
  1.0124002e+000  3.0899661e+000
  7.7721766e-001  3.2383757e+000
  6.0184248e-001  3.3270789e+000
  4.7814492e-001  3.3658870e+000
  3.9325877e-001  3.3676528e+000
  3.3573197e-001  3.3423981e+000
  2.9778689e-001  3.2962180e+000
  2.7458408e-001  3.2325955e+000
  2.6314126e-001  3.1537250e+000
  2.6157431e-001  3.0615434e+000
  2.6857824e-001  2.9584691e+000
  2.8326414e-001  2.8465627e+000
  3.0495667e-001  2.7287703e+000
  3.3320640e-001  2.6076783e+000
  3.6792459e-001  2.4849804e+000
  4.0941938e-001  2.3616033e+000
  4.5837530e-001  2.2379864e+000
  5.1583300e-001  2.1143114e+000
  5.8319379e-001  1.9906463e+000
  6.6225130e-001  1.8670374e+000
  7.5524350e-001  1.7435851e+000
  8.6491236e-001  1.6205352e+000
  9.9454472e-001  1.4984161e+000
  1.1479388e+000  1.3782591e+000
  1.3291864e+000  1.2619409e+000
  1.5420872e+000  1.1526562e+000
  1.7889919e+000  1.0554364e+000
  2.0690657e+000  9.7748123e-001
  2.3763690e+000  9.2824702e-001
  2.6976347e+000  9.2071279e-001
  2.9286336e+000  9.5655476e-001
  3.0913815e+000  1.0373713e+000
  3.1453036e+000  1.1584611e+000
  3.0848357e+000  1.3245678e+000
  2.8785154e+000  1.5720305e+000
  2.6287135e+000  1.8083571e+000
  2.3417192e+000  2.0571478e+000
  2.0415898e+000  2.3058881e+000
  1.6631108e+000  2.6084785e+000
  1.3083489e+000  2.8793960e+000
  1.0124002e+000  3.0899662e+000
  7.7721761e-001  3.2383757e+000
  6.0184245e-001  3.3270789e+000
  4.7814489e-001  3.3658870e+000
  3.9325875e-001  3.3676528e+000
  3.3573196e-001  3.3423981e+000
  2.9778688e-001  3.2962180e+000
  2.7458407e-001  3.2325955e+000
  2.6314126e-001  3.1537249e+000
  2.6157431e-001  3.0615433e+000
  2.6857824e-001  2.9584691e+000
  2.8326414e-001  2.8465627e+000
  3.0495667e-001  2.7287703e+000
  3.3320640e-001  2.6076782e+000
  3.6792460e-001  2.4849804e+000
  4.0941939e-001  2.3616032e+000
  4.5837531e-001  2.2379863e+000
  5.1583301e-001  2.1143114e+000
  5.8319381e-001  1.9906463e+000
  6.6225132e-001  1.8670373e+000
  7.5524352e-001  1.7435851e+000
  8.6491239e-001  1.6205352e+000
  9.9454476e-001  1.4984161e+000
  1.1479389e+000  1.3782591e+000
  1.3291864e+000  1.2619408e+000
  1.5420873e+000  1.1526562e+000
  1.7889920e+000  1.0554364e+000
  2.0690658e+000  9.7748122e-001
  2.3763691e+000  9.2824701e-001
  2.6976348e+000  9.2071280e-001
  2.9156084e+000  9.5306299e-001
