  0.0000000e+000
  7.1554175e-004
  4.2932505e-003
  8.2756280e-003
  1.2363839e-002
  1.6759061e-002
  2.2256930e-002
  2.9068269e-002
  3.7462536e-002
  4.7787501e-002
  6.0504521e-002
  7.6243149e-002
  9.5887837e-002
  1.2071908e-001
  1.5265223e-001
  1.9468492e-001
  2.4754024e-001
  3.0248532e-001
  3.5951376e-001
  4.1929527e-001
  4.8168856e-001
  5.4490923e-001
  6.0671235e-001
  6.6539992e-001
  7.2014412e-001
  7.7070907e-001
  8.1714670e-001
  8.5968341e-001
  8.9881928e-001
  9.3600697e-001
  9.5214784e-001
  9.6828872e-001
  9.7779479e-001
  9.8730086e-001
  9.9534076e-001
  1.0019131e+000
  1.0075962e+000
  1.0126795e+000
  1.0173300e+000
  1.0216898e+000
  1.0258891e+000
  1.0300400e+000
  1.0342379e+000
  1.0385703e+000
  1.0431260e+000
  1.0480024e+000
  1.0533120e+000
  1.0591870e+000
  1.0657767e+000
  1.0732345e+000
  1.0817152e+000
  1.0913156e+000
  1.1019956e+000
  1.1136447e+000
  1.1261553e+000
  1.1394721e+000
  1.1535961e+000
  1.1685711e+000
  1.1844710e+000
  1.2013935e+000
  1.2194583e+000
  1.2388092e+000
  1.2596178e+000
  1.2820904e+000
  1.3064760e+000
  1.3330785e+000
  1.3622716e+000
  1.3945188e+000
  1.4303972e+000
  1.4706239e+000
  1.5160794e+000
  1.5678121e+000
  1.6270142e+000
  1.6949871e+000
  1.7732500e+000
  1.8642198e+000
  1.9479799e+000
  2.0317401e+000
  2.1019589e+000
  2.1607992e+000
  2.2131601e+000
  2.2469226e+000
  2.2701367e+000
  2.2882332e+000
  2.3063297e+000
  2.3210974e+000
  2.3334243e+000
  2.3444724e+000
  2.3547137e+000
  2.3643666e+000
  2.3736917e+000
  2.3830188e+000
  2.3926726e+000
  2.4029469e+000
  2.4141004e+000
  2.4263354e+000
  2.4397563e+000
  2.4544686e+000
  2.4704444e+000
  2.4876224e+000
  2.5060044e+000
  2.5256671e+000
  2.5467517e+000
  2.5694531e+000
  2.5940181e+000
  2.6207509e+000
  2.6500256e+000
  2.6823042e+000
  2.7181599e+000
  2.7583033e+000
  2.8036046e+000
  2.8551006e+000
  2.9139703e+000
  2.9815004e+000
  3.0591790e+000
  3.1493202e+000
  3.2349374e+000
  3.3205545e+000
  3.3911442e+000
  3.4501696e+000
  3.5026786e+000
  3.5363310e+000
  3.5596329e+000
  3.5777733e+000
  3.5959136e+000
  3.6107400e+000
  3.6231330e+000
  3.6342522e+000
  3.6445673e+000
  3.6542957e+000
  3.6637003e+000
  3.6731147e+000
  3.6828676e+000
  3.6932548e+000
  3.7045356e+000
  3.7169086e+000
  3.7304713e+000
  3.7453315e+000
  3.7614518e+000
  3.7787745e+000
  3.7973077e+000
  3.8171344e+000
  3.8384014e+000
  3.8613093e+000
  3.8861108e+000
  3.9131175e+000
  3.9427126e+000
  3.9753693e+000
  4.0116753e+000
  4.0523580e+000
  4.0983067e+000
  4.1505757e+000
  4.2103572e+000
  4.2789509e+000
  4.3578894e+000
  4.4496748e+000
  4.5317534e+000
  4.6138320e+000
  4.6835967e+000
  4.7421847e+000
  4.7944888e+000
  4.8265992e+000
  4.8498362e+000
  4.8677195e+000
  4.8856028e+000
  4.9003196e+000
  4.9126642e+000
  4.9237582e+000
  4.9340565e+000
  4.9437745e+000
  4.9531784e+000
  4.9626029e+000
  4.9723757e+000
  4.9827920e+000
  4.9941097e+000
  5.0065247e+000
  5.0201306e+000
  5.0350373e+000
  5.0512015e+000
  5.0685674e+000
  5.0871455e+000
  5.1070213e+000
  5.1283437e+000
  5.1513150e+000
  5.1761899e+000
  5.2032823e+000
  5.2329782e+000
  5.2657546e+000
  5.3022036e+000
  5.3430582e+000
  5.3892136e+000
  5.4417296e+000
  5.5018027e+000
  5.5707368e+000
  5.6500805e+000
  5.7424018e+000
  5.8234034e+000
  5.9044051e+000
  5.9738903e+000
  6.0323256e+000
  6.0845598e+000
  6.1161315e+000
  6.1393444e+000
  6.1571381e+000
  6.1749318e+000
  6.1896094e+000
  6.2019363e+000
  6.2130205e+000
  6.2233120e+000
  6.2330256e+000
  6.2424285e+000
  6.2518557e+000
  6.2616347e+000
  6.2720603e+000
  6.2833899e+000
  6.2958184e+000
  6.3094383e+000
  6.3243601e+000
  6.3405385e+000
  6.3579183e+000
  6.3765109e+000
  6.3964027e+000
  6.4177430e+000
  6.4407348e+000
  6.4656336e+000
  6.4927539e+000
  6.5224826e+000
  6.5552981e+000
  6.5917937e+000
  6.6327043e+000
  6.6789271e+000
  6.7315237e+000
  6.7916918e+000
  6.8607369e+000
  6.9402129e+000
  7.0327101e+000
  7.1133658e+000
  7.1940215e+000
  7.2634143e+000
  7.3217987e+000
  7.3740098e+000
  7.4054010e+000
  7.4286059e+000
  7.4463696e+000
  7.4641333e+000
  7.4787978e+000
  7.4911187e+000
  7.5021997e+000
  7.5124888e+000
  7.5222009e+000
  7.5316034e+000
  7.5410315e+000
  7.5508126e+000
  7.5612413e+000
  7.5725748e+000
  7.5850079e+000
  7.5986324e+000
  7.6135592e+000
  7.6297424e+000
  7.6471269e+000
  7.6657243e+000
  7.6856214e+000
  7.7069677e+000
  7.7299664e+000
  7.7548731e+000
  7.7820027e+000
  7.8117424e+000
  7.8445709e+000
  7.8810821e+000
  7.9220114e+000
  7.9682567e+000
  8.0208802e+000
  8.0810801e+000
  8.1501622e+000
  8.2296824e+000
  8.3222384e+000
  8.4027792e+000
  8.4833200e+000
  8.5526818e+000
  8.6110491e+000
  8.6632524e+000
  8.6945828e+000
  8.7177850e+000
  8.7355386e+000
  8.7532922e+000
  8.7679523e+000
  8.7802712e+000
  8.7913510e+000
  8.8016394e+000
  8.8113510e+000
  8.8207534e+000
  8.8301818e+000
  8.8399635e+000
  8.8503932e+000
  8.8617281e+000
  8.8741627e+000
  8.8877889e+000
  8.9027173e+000
  8.9189021e+000
  8.9362881e+000
  8.9548872e+000
  8.9747860e+000
  8.9961344e+000
  9.0191354e+000
  9.0440449e+000
  9.0711776e+000
  9.1009210e+000
  9.1337538e+000
  9.1702702e+000
  9.2112059e+000
  9.2574587e+000
  9.3100913e+000
  9.3703019e+000
  9.4393965e+000
  9.5189317e+000
  9.6115075e+000
  9.6920096e+000
  9.7725117e+000
  9.8418630e+000
  9.9002245e+000
  9.9524253e+000
  9.9837351e+000
  1.0006936e+001
  1.0024687e+001
  1.0042437e+001
  1.0057095e+001
  1.0069414e+001
  1.0080493e+001
  1.0090781e+001
  1.0100493e+001
  1.0109895e+001
  1.0119323e+001
  1.0129105e+001
  1.0139535e+001
  1.0150871e+001
  1.0163306e+001
  1.0176933e+001
  1.0191862e+001
  1.0208047e+001
  1.0225433e+001
  1.0244033e+001
  1.0263933e+001
  1.0285282e+001
  1.0308283e+001
  1.0333194e+001
  1.0360328e+001
  1.0390072e+001
  1.0422906e+001
  1.0459425e+001
  1.0500362e+001
  1.0546618e+001
  1.0599254e+001
  1.0659468e+001
  1.0728567e+001
  1.0808107e+001
  1.0900689e+001
  1.0981178e+001
  1.1061667e+001
  1.1131015e+001
  1.1189375e+001
  1.1241575e+001
  1.1272877e+001
  1.1296078e+001
  1.1313827e+001
  1.1331577e+001
  1.1346235e+001
  1.1358553e+001
  1.1369632e+001
  1.1379920e+001
  1.1389631e+001
  1.1399034e+001
  1.1408462e+001
  1.1418244e+001
  1.1428674e+001
  1.1440010e+001
  1.1452445e+001
  1.1466072e+001
  1.1481001e+001
  1.1497187e+001
  1.1514573e+001
  1.1533173e+001
  1.1553073e+001
  1.1574422e+001
  1.1597424e+001
  1.1622335e+001
  1.1649469e+001
  1.1679214e+001
  1.1712049e+001
  1.1748568e+001
  1.1789506e+001
  1.1835763e+001
  1.1888399e+001
  1.1948615e+001
  1.2017715e+001
  1.2097257e+001
  1.2189842e+001
  1.2270326e+001
  1.2350811e+001
  1.2420157e+001
  1.2478516e+001
  1.2530716e+001
  1.2562016e+001
  1.2585217e+001
  1.2602966e+001
  1.2620715e+001
  1.2635372e+001
  1.2647690e+001
  1.2658770e+001
  1.2669058e+001
  1.2678769e+001
  1.2688171e+001
  1.2697600e+001
  1.2707382e+001
  1.2717812e+001
  1.2729148e+001
  1.2741583e+001
  1.2755210e+001
  1.2770139e+001
  1.2786325e+001
  1.2803712e+001
  1.2822312e+001
  1.2842211e+001
  1.2863561e+001
  1.2886563e+001
  1.2911473e+001
  1.2938608e+001
  1.2968353e+001
  1.3001188e+001
  1.3037707e+001
  1.3078646e+001
  1.3124902e+001
  1.3177539e+001
  1.3237755e+001
  1.3306856e+001
  1.3386398e+001
  1.3478984e+001
  1.3559467e+001
  1.3639950e+001
  1.3709296e+001
  1.3767655e+001
  1.3819855e+001
  1.3851154e+001
  1.3874355e+001
  1.3892104e+001
  1.3909852e+001
  1.3924510e+001
  1.3936828e+001
  1.3947907e+001
  1.3958195e+001
  1.3967906e+001
  1.3977309e+001
  1.3986737e+001
  1.3996519e+001
  1.4006950e+001
  1.4018285e+001
  1.4030721e+001
  1.4044347e+001
  1.4059277e+001
  1.4075462e+001
  1.4092849e+001
  1.4111449e+001
  1.4131349e+001
  1.4152698e+001
  1.4175700e+001
  1.4200611e+001
  1.4227745e+001
  1.4257491e+001
  1.4290326e+001
  1.4326845e+001
  1.4367784e+001
  1.4414040e+001
  1.4466678e+001
  1.4526894e+001
  1.4595994e+001
  1.4675537e+001
  1.4768123e+001
  1.4848606e+001
  1.4929088e+001
  1.4998434e+001
  1.5056793e+001
  1.5108992e+001
  1.5140292e+001
  1.5163492e+001
  1.5181241e+001
  1.5198989e+001
  1.5213647e+001
  1.5225965e+001
  1.5237044e+001
  1.5247332e+001
  1.5257044e+001
  1.5266446e+001
  1.5275875e+001
  1.5285657e+001
  1.5296087e+001
  1.5307422e+001
  1.5319858e+001
  1.5333485e+001
  1.5348414e+001
  1.5364600e+001
  1.5381987e+001
  1.5400586e+001
  1.5420486e+001
  1.5441836e+001
  1.5464838e+001
  1.5489749e+001
  1.5516883e+001
  1.5546628e+001
  1.5579463e+001
  1.5615982e+001
  1.5656921e+001
  1.5703178e+001
  1.5755815e+001
  1.5816031e+001
  1.5885132e+001
  1.5964675e+001
  1.6057261e+001
  1.6137743e+001
  1.6218226e+001
  1.6287572e+001
  1.6345930e+001
  1.6398130e+001
  1.6429429e+001
  1.6452630e+001
  1.6470378e+001
  1.6488127e+001
  1.6502785e+001
  1.6515102e+001
  1.6526182e+001
  1.6536470e+001
  1.6546181e+001
  1.6555583e+001
  1.6565012e+001
  1.6574794e+001
  1.6585224e+001
  1.6596560e+001
  1.6608995e+001
  1.6622622e+001
  1.6637551e+001
  1.6653737e+001
  1.6671124e+001
  1.6689724e+001
  1.6709623e+001
  1.6730973e+001
  1.6753975e+001
  1.6778886e+001
  1.6806020e+001
  1.6835765e+001
  1.6868601e+001
  1.6905120e+001
  1.6946059e+001
  1.6992315e+001
  1.7044952e+001
  1.7105169e+001
  1.7174270e+001
  1.7253812e+001
  1.7346398e+001
  1.7426881e+001
  1.7507363e+001
  1.7576709e+001
  1.7635067e+001
  1.7687267e+001
  1.7718566e+001
  1.7741767e+001
  1.7759515e+001
  1.7777264e+001
  1.7791922e+001
  1.7804240e+001
  1.7815319e+001
  1.7825607e+001
  1.7835318e+001
  1.7844720e+001
  1.7854149e+001
  1.7863931e+001
  1.7874361e+001
  1.7885697e+001
  1.7898132e+001
  1.7911759e+001
  1.7926689e+001
  1.7942874e+001
  1.7960261e+001
  1.7978861e+001
  1.7998761e+001
  1.8020110e+001
  1.8043112e+001
  1.8068023e+001
  1.8095157e+001
  1.8124903e+001
  1.8157738e+001
  1.8194257e+001
  1.8235196e+001
  1.8281452e+001
  1.8334090e+001
  1.8394306e+001
  1.8463407e+001
  1.8542950e+001
  1.8635536e+001
  1.8716018e+001
  1.8796500e+001
  1.8865846e+001
  1.8924205e+001
  1.8976404e+001
  1.9007703e+001
  1.9030904e+001
  1.9048653e+001
  1.9066401e+001
  1.9081059e+001
  1.9093377e+001
  1.9104456e+001
  1.9114744e+001
  1.9124455e+001
  1.9133858e+001
  1.9143286e+001
  1.9153068e+001
  1.9163499e+001
  1.9174834e+001
  1.9187270e+001
  1.9200897e+001
  1.9215826e+001
  1.9232011e+001
  1.9249398e+001
  1.9267998e+001
  1.9287898e+001
  1.9309247e+001
  1.9332250e+001
  1.9357160e+001
  1.9384295e+001
  1.9414040e+001
  1.9446875e+001
  1.9483394e+001
  1.9524333e+001
  1.9570590e+001
  1.9623227e+001
  1.9683443e+001
  1.9752544e+001
  1.9832087e+001
  1.9924673e+001
  2.0000000e+001
